,dt
0,0.0
1,2.095978674369706e-05
2,0.00029605698775472095
3,0.00032082764481545384
4,0.0003351184085043382
5,0.0005501944020220478
6,0.0005616270129731553
7,0.0005916376167198125
8,0.0006078338155672147
9,0.000623077296835358
10,0.0006452279805531288
11,0.0006685695612449732
12,0.0006888148098042261
13,0.0007076309819945905
14,0.000719063592945698
15,0.0007350216123982855
16,0.0008931727305552724
17,0.0009065107766648978
18,0.0009238978724863738
19,0.0009353304834374813
20,0.0009508121441004393
21,0.0009729628278182101
22,0.0009851099769537617
23,0.0010096424546196798
24,0.0010294113443893034
25,0.0016003273537602335
26,0.0016670175843083604
27,0.001676306580706135
28,0.0016927409589483522
29,0.0017070317226372366
30,0.0023610723407985106
31,0.002616638831434726
32,0.0026597493018961937
33,0.0027038124899369208
34,0.002747399319188018
35,0.002770026361695418
36,0.002784793484173932
37,0.0029486609078064724
38,0.002958664442388692
39,0.0029670007212072077
40,0.0029870077903716456
41,0.0030043948861931216
42,0.003027736466884966
43,0.0030858522392197625
44,0.0032868756484434026
45,0.0033030718472908047
46,0.0033416569092507924
47,0.003432403258675208
48,0.003776096125392877
49,0.004682845081452589
50,0.004702852150617028
51,0.004713570223383691
52,0.004742866288945904
53,0.004765969690242933
54,0.004775973224825153
55,0.004801934778859959
56,0.005489558691690112
57,0.005702491070654488
58,0.005744410644141882
59,0.005774659427283354
60,0.0057903792673411275
61,0.005831822482038892
62,0.006434654530314997
63,0.006442514450343884
64,0.006474906848038688
65,0.006486339458989796
66,0.0064961048141771996
67,0.00650968103968164
68,0.00652325726518608
69,0.0065382625670594085
70,0.006549218819220886
71,0.007113942164326634
72,0.0071641980166325435
73,0.007201115822828828
74,0.008447746775289174
75,0.008476328302666942
76,0.008488951810592123
77,0.0085144370058373
78,0.008534444075001738
79,0.009115363618954889
80,0.009173955750079314
81,0.009220162552673373
82,0.009467154585096258
83,0.00946882184085996
84,0.009516457719822909
85,0.009860626945330207
86,0.010204796170837506
87,0.010291255291155255
88,0.010547059961186286
89,0.010582786870408497
90,0.010589932252252939
91,0.010605890271705526
92,0.010623277367527002
93,0.010633757260898852
94,0.01089361098064173
95,0.010932434221996534
96,0.011318761200386041
97,0.011546698881223746
98,0.011578376740734107
99,0.012948146440313673
100,0.01575485242881056
101,0.015762235990049816
102,0.018121164716294994
103,0.019165581362557627
104,0.01946425832365531
105,0.019477358190370123
106,0.01949188713345382
107,0.01950736879411678
108,0.01980652211400409
109,0.019817716545560384
110,0.019836294538355934
111,0.01984605989354334
112,0.020492716950465353
113,0.02052010758086905
114,0.020537018317900897
115,0.024290963759576
116,0.07162102037958173
117,0.07265066990336586
118,0.07266305523189623
119,0.07296792485725909
120,0.07299174279674056
121,0.07301079714832574
122,0.07331161772397676
123,0.0733187631058212
124,0.07334591555683008
125,0.07335710998838638
126,0.07365221425856183
127,0.07366388504890775
128,0.0736774612744122
129,0.07369651562599738
130,0.0740216304999195
131,0.07434102906836607
132,0.07434531629747272
133,0.07436175067571495
134,0.07438652133277568
135,0.07439319035583049
136,0.07468186378234595
137,0.07469186731692817
138,0.07470496718364299
139,0.07502603300785325
140,0.07503603654243547
141,0.07504746915338657
142,0.07506819076073545
143,0.07507890883350213
144,0.07536972587457091
145,0.07537830033278425
146,0.07538997112313017
147,0.07541402724200647
148,0.07542522167356275
149,0.07569341167212415
150,0.07570079523336341
151,0.07571008422976118
152,0.07573366398984784
153,0.07576272187601524
154,0.07607902411232921
155,0.07609617302875588
156,0.07610879653668105
157,0.07638913368437801
158,0.07640151901290837
159,0.07642033518509873
160,0.07644320040700095
161,0.07673925739475566
162,0.07676259897544752
163,0.07811236160586264
164,0.07813784680110782
165,0.07815761569087744
166,0.07817095373698707
167,0.0784412873501018
168,0.07845510175500105
169,0.07848034877085142
170,0.0787837893198454
171,0.07879236377805872
172,0.07882308891998982
173,0.07886286487892388
174,0.07912152770169269
175,0.07913224577445936
176,0.07916344727518008
177,0.07919393423771637
178,0.07920846318080008
179,0.07947355684722887
180,0.0794885621491022
181,0.07950714014189776
182,0.07952714721106219
183,0.07953881800140812
184,0.08053488423052335
185,0.08055632037605669
186,0.08083594298556919
187,0.0808523773638114
188,0.08087667166208251
189,0.08090930223917213
190,0.08092311664407138
191,0.08117773041712834
192,0.08118725759292093
193,0.08120726466208536
194,0.08122036452880017
195,0.081873690608777
196,0.08188964862822959
197,0.08191132295315773
198,0.08192775733139995
199,0.0819477644005644
200,0.08323702946469658
201,0.08325656017507138
202,0.08328204537031655
203,0.083308483283141
204,0.08332420312319877
205,0.0835800077932298
206,0.08359382219812905
207,0.08362121282853274
208,0.08365217614985866
209,0.08366217968444088
210,0.08502004041427971
211,0.08503218756341527
212,0.0850488601210523
213,0.08533610447119887
214,0.08596489807350978
215,0.08597752158143497
216,0.08631049637538597
217,0.08675732092005842
218,0.08676922988979915
219,0.08771146757568626
220,0.08773600005335218
221,0.08805206411027135
222,0.08808183653462319
223,0.08810922716502688
224,0.0881337596426928
225,0.08845673090206159
226,0.08847578525364677
227,0.08848745604399269
228,0.08870801016359113
229,0.08873111356488816
230,0.08876612593592594
231,0.08880209102454295
232,0.08882233627310221
233,0.08905170303030881
234,0.08907075738189399
235,0.09178909881491461
236,0.09185269271333014
237,0.09187984516433902
238,0.09191795386750938
239,0.09212755173494634
240,0.09217423489633003
241,0.09219424196549447
242,0.09221567811102781
243,0.09225902676088409
244,0.0928830567752987
245,0.09289996751233055
246,0.09294522159734535
247,0.0931576776175201
248,0.09317173020181417
249,0.0931869736830823
250,0.09320531349648305
251,0.09322436784806822
252,0.0932596183985008
253,0.09327510005916376
254,0.0932886762846682
255,0.09350089412544814
256,0.09351399399216294
257,0.09352876111464146
258,0.09356686981781182
259,0.09360307308582366
260,0.0949190142421751
261,0.09494045038770842
262,0.09496164835384693
263,0.09500452064491359
264,0.09521912027964166
265,0.09526056349433942
266,0.09528342871624164
267,0.09530391214419572
268,0.09556257496696452
269,0.09561140174290154
270,0.09562497796840598
271,0.09564689047272894
272,0.0956900009431904
273,0.09625805879982356
274,0.09629307117086132
275,0.09631188734305168
276,0.09633356166797982
277,0.09635023422561687
278,0.09636571588627982
279,0.09637976847057389
280,0.09638596113483908
281,0.0965900808761953
282,0.09663271498786714
283,0.0966546274921901
284,0.09667653999651306
285,0.09671845957000044
286,0.09706572512764033
287,0.09727627571265657
288,0.09881967819105608
289,0.09885445238269903
290,0.09938130520402923
291,0.09941965208659441
292,0.09967783855057358
293,0.09972047266224542
294,0.1003630806694556
295,0.1004069056781015
296,0.10042715092666075
297,0.10045882878617111
298,0.10049074482507629
299,0.10139677924295155
300,0.1014332206903582
301,0.10148014203113671
302,0.10206773059814468
303,0.10212036824439874
304,0.10214347164569576
305,0.10216800412336169
306,0.1022053982883476
307,0.10242095064065494
308,0.10353515384959829
309,0.1035773116024805
310,0.10379476938994635
311,0.10384169073072486
312,0.10385836328836189
313,0.10387860853692114
314,0.10392124264859298
315,0.10413417502755735
316,0.10417823821559809
317,0.10482084622280825
318,0.10486133671992676
319,0.10488896552972526
320,0.10491730887770821
321,0.10495017763419265
322,0.10516692088347407
323,0.10520907863635627
324,0.10524909277468515
325,0.10529267960393625
326,0.10552252271993247
327,0.10555134242670505
328,0.10557111131647468
329,0.10559207110321837
330,0.10562446350091317
331,0.10563470521489021
332,0.10568162655566872
333,0.10585216300235607
334,0.10589193896129014
335,0.10591670961835087
336,0.10594433842814938
337,0.10602174673146417
338,0.10619466497209966
339,0.10619537951028411
340,0.10623539364861298
341,0.10625968794688409
342,0.10627969501604853
343,0.10632304366590481
344,0.10687847801461278
345,0.10692158848507426
346,0.10696684257008905
347,0.10701233483449867
348,0.1072617086608697
349,0.10727290309242599
350,0.10730934453983265
351,0.10735078775453041
352,0.10805818055713019
353,0.10900184731938618
354,0.10902066349157655
355,0.11031088127328799
356,0.11142222632949357
357,0.11151106724375946
358,0.11168041279347274
359,0.11172137964938088
360,0.11174829392099495
361,0.1117654428374216
362,0.111813793254569
363,0.11383069636986021
364,0.11387094868758389
365,0.11408650103989124
366,0.1141231806666927
367,0.1141539058086238
368,0.11421392701611713
369,0.1145204638972437
370,0.11455261811554368
371,0.11483581341597841
372,0.11485391504998432
373,0.11489893095560431
374,0.11511710328125462
375,0.11515425926684571
376,0.11518117353845977
377,0.11519736973730718
378,0.11526834719696197
379,0.11565467417535148
380,0.11583497597722624
381,0.11586903563068475
382,0.1158845172913477
383,0.11592738958241436
384,0.11598693443111804
385,0.11619343596642243
386,0.11623130649019797
387,0.11627132062852684
388,0.11650378371786603
389,0.11652807801613713
390,0.11789451320418928
391,0.11792500016672558
392,0.11794524541528482
393,0.11818175755433587
394,0.11820224098228993
395,0.118248447784884
396,0.11826583488070547
397,0.11828155472076324
398,0.1183649175089484
399,0.11841469700246468
400,0.11892654452192156
401,0.11895345879353562
402,0.11906111587999188
403,0.11909803368618817
404,0.11922688873878294
405,0.11927261918258737
406,0.1192940553281207
407,0.11931596783244365
408,0.1193588401235103
409,0.11939409067394288
410,0.11957296339944876
411,0.11961226299959318
412,0.11965513529065984
413,0.11970324752841242
414,0.11991641808677161
415,0.11995857583965382
416,0.11998072652337159
417,0.11999954269556196
418,0.12004408224239231
419,0.12025772915954114
420,0.12029440878634261
421,0.12032537210766851
422,0.12034633189441221
423,0.12038682239153072
424,0.1206028511026277
425,0.12141480465955114
426,0.12166751299744957
427,0.1216953799866429
428,0.12171610159399178
429,0.12175897388505844
430,0.12231536095134567
431,0.12235918595999158
432,0.12238157482310416
433,0.12240229643045304
434,0.12244159603059748
435,0.12402382175035179
436,0.12406836129718214
437,0.12410123005366658
438,0.12411504445856583
439,0.12415934582600138
440,0.12436846733464872
441,0.12441729411058575
442,0.124443970202805
443,0.12445897550467833
444,0.12450137143695535
445,0.12471573289228861
446,0.12475812882456563
447,0.12478551945496932
448,0.1248012392950271
449,0.12484458794488339
450,0.1248869838771604
451,0.12514112129142774
452,0.12519542619344548
453,0.12540192772874986
454,0.1254264602064158
455,0.12544075097010468
456,0.12557032056088388
457,0.12574038064878162
458,0.12578896924532382
459,0.12581088174964677
460,0.12587042659835046
461,0.12608335897731485
462,0.1261248021920126
463,0.1261550509751541
464,0.12642586094705843
465,0.12651589275829841
466,0.1267728883253035
467,0.12681337882242202
468,0.12683767312069313
469,0.12711658119202118
470,0.12715778622732413
471,0.1272461507828004
472,0.12752624975110252
473,0.12786970443842538
474,0.12849135265889186
475,0.12853374859116887
476,0.1285566138130711
477,0.12861377686782663
478,0.12887291604938506
479,0.128959136990308
480,0.12924066503497902
481,0.12926210118051235
482,0.1293161679031353
483,0.13054160088945713
484,0.13061615104003416
485,0.13063258541827635
486,0.1306749813505534
487,0.13088791372951777
488,0.1309317387381637
489,0.13095722393340886
490,0.13097342013225624
491,0.1310129579117955
492,0.13196067372376336
493,0.13198520620142926
494,0.13200164057967148
495,0.13230508112866546
496,0.132601376295815
497,0.13264758309840904
498,0.13267163921728534
499,0.1327307077071994
500,0.13303200464164006
501,0.13329233472017255
502,0.133331634320317
503,0.1333561667979829
504,0.13337593568775252
505,0.13397876773602863
506,0.13410500281528046
507,0.13470402399323952
508,0.13615906191616275
509,0.13672307072308407
510,0.13676284668201813
511,0.13678785551847367
512,0.13680476625550553
513,0.13684930580233587
514,0.13712892841184837
515,0.1371875205429728
516,0.13740521650983348
517,0.13744642154513642
518,0.1374738121755401
519,0.13748881747741346
520,0.13753145158908528
521,0.13774890937655115
522,0.1377884471560904
523,0.1378177432216526
524,0.1378322721647363
525,0.1381361890725199
526,0.13822074275767915
527,0.13847750014528942
528,0.13851727610422349
529,0.13921109268131882
530,0.1405629989262873
531,0.14085048145582868
532,0.14087549029228422
533,0.1409024045638983
534,0.1409219352742731
535,0.1412227558499241
536,0.1412451447130367
537,0.1412646754234115
538,0.14195873017990165
539,0.14225121447673417
540,0.14229146679445784
541,0.1425799020415785
542,0.14259490734345182
543,0.1426172962065644
544,0.1426363505581496
545,0.14296170361146654
546,0.14327681495080644
547,0.14330492011939458
548,0.14332278357400569
549,0.14361931692055002
550,0.14364575483337447
551,0.14366528554374927
552,0.14396491522242622
553,0.1439906385970662
554,0.14400707297530843
555,0.1443090844479335
556,0.14433361692559943
557,0.14435171855960535
558,0.14465111005888748
559,0.14467683343352747
560,0.14469183873540079
561,0.14499146841407773
562,0.14501742996811254
563,0.1450329116287755
564,0.14536159919361985
565,0.14604707949189666
566,0.19817549819984012
567,0.19819550526900456
568,0.19852014378413707
569,0.1988664566241977
570,0.1988826528230451
571,0.19953026259754636
572,0.1995486024109471
573,0.20021502835763874
574,0.20023884629712022
575,0.20025528067536244
576,0.20124372516384362
577,0.20126492312998212
578,0.20128445384035693
579,0.20158408351903387
580,0.2016090923554894
581,0.20163100485981236
582,0.2019289672827256
583,0.20195326158099672
584,0.20197183957379225
585,0.2022728983288381
586,0.20229766898589882
587,0.2023133888259566
588,0.2026156384779765
589,0.2026380273410891
590,0.20265898712783278
591,0.2029548059361927
592,0.20299791640665416
593,0.20330159513504295
594,0.20433243555580113
595,0.20435172808678115
596,0.2046415924102707
597,0.20467136483462253
598,0.2046973263886573
599,0.20471590438145287
600,0.20505864453059128
601,0.2050960386955772
602,0.20569982346143256
603,0.20572387958030885
604,0.20574150485552514
605,0.20641126531374418
606,0.20643031966532938
607,0.20775816979142153
608,0.2077848458836408
609,0.20780056572369857
610,0.20784534344992373
611,0.20805708493191405
612,0.20810138629934957
613,0.20812520423883105
614,0.20814402041102142
615,0.20818832177845695
616,0.2084426973721191
617,0.2084667534909954
618,0.20848914235410798
619,0.20852963285122647
620,0.2087447088447442
621,0.20878734295641602
622,0.20881187543408194
623,0.20882997706808787
624,0.2088740402561286
625,0.20915890281232702
626,0.20949687937356914
627,0.20951545736636468
628,0.20986034113005642
629,0.20990059344778011
630,0.21011781305585117
631,0.21015806537357484
632,0.21018497964518892
633,0.21020165220282594
634,0.21024500085268225
635,0.2104607913843844
636,0.21050104370210806
637,0.21053105430585473
638,0.21054129601983176
639,0.21122153637142266
640,0.2114856773202722
641,0.21153045504649737
642,0.21155451116537366
643,0.21157356551695886
644,0.21161619962863068
645,0.21232168699607196
646,0.21320533255083463
647,0.21329012441538867
648,0.21363548453787004
649,0.21367216416467152
650,0.21391201081524996
651,0.2139320178844144
652,0.21400108990891067
653,0.21403681681813289
654,0.21423021848672244
655,0.2142728525983943
656,0.21430238684335132
657,0.21431929758038315
658,0.21435740628355351
659,0.21457462589162457
660,0.21493308588082075
661,0.2149600001524348
662,0.2149840562713111
663,0.2150031106228963
664,0.21504669745214738
665,0.21526248798384953
666,0.2153039311985473
667,0.2159891733174293
668,0.2160148966920693
669,0.2160341892230493
670,0.2160768233347211
671,0.2165889090335728
672,0.2166772735890491
673,0.2167001388109513
674,0.2170166792266601
675,0.21704192624251045
676,0.21705931333833192
677,0.21710623467911042
678,0.21731702344352147
679,0.2177893331834391
680,0.21800798186787904
681,0.21804704328862864
682,0.218072290304479
683,0.21809182101485383
684,0.21813636056168417
685,0.21843098847307002
686,0.2184548064125515
687,0.21848029160779667
688,0.21851935302854628
689,0.21907478737725425
690,0.21937560795290525
691,0.21941752752639265
692,0.21944444179800673
693,0.21946421068777636
694,0.21950493936428966
695,0.21976455490463773
696,0.2198059981193355
697,0.22006370822452503
698,0.22010396054224873
699,0.220130636634468
700,0.22014992916544798
701,0.22018803786861835
702,0.22040501929729456
703,0.22047099498965825
704,0.2204881439060849
705,0.22057960479369376
706,0.22079396624902703
707,0.22081635511213962
708,0.2208373148988833
709,0.2208787581135811
710,0.22092091586646329
711,0.22109192867194027
712,0.2211324191690588
713,0.22116100069643654
714,0.2214787320091194
715,0.22150254994860089
716,0.22152017522381717
717,0.22156138025912012
718,0.22160973067626752
719,0.22177931440537563
720,0.22181909036430966
721,0.2218500536856356
722,0.22186601170508818
723,0.22190483494644297
724,0.22195580533693335
725,0.22250528520077095
726,0.2225302940372265
727,0.22254911020941684
728,0.2225936497562472
729,0.22263604568852424
730,0.22280729667339602
731,0.22284969260567306
732,0.22288994492339675
733,0.22293019724112043
734,0.22297711858189895
735,0.22353946013305653
736,0.22358304696230763
737,0.2236228229212417
738,0.223821702715912
739,0.22385123696086903
740,0.22387910395006236
741,0.2239024455307542
742,0.22392269077931345
743,0.22396461035280085
744,0.2240074826438675
745,0.22416563376202447
746,0.224513375678454
747,0.22456553696591844
748,0.2245874494702414
749,0.22465604513594803
750,0.22469224840395988
751,0.22485516311001316
752,0.2249073243974776
753,0.22491637521448055
754,0.22493066597816944
755,0.2249478148945961
756,0.22503546491188792
757,0.2255685103974833
758,0.2255908992605959
759,0.22561614627644624
760,0.22567878745728254
761,0.2257254706186662
762,0.22576286478365212
763,0.22589767432111726
764,0.2259612682195328
765,0.22598008439172318
766,0.22602224214460537
767,0.2260646380768824
768,0.22631544097962233
769,0.22658291643999928
770,0.22661935788740592
771,0.22664698669720443
772,0.22666342107544665
773,0.227677350759173
774,0.22769783418712708
775,0.2277340374551389
776,0.22778024425773297
777,0.22782740377790628
778,0.22795292431897365
779,0.22799389117488178
780,0.22802342541983883
781,0.22803676346594845
782,0.22807868303943585
783,0.22812369894505583
784,0.22828589911292466
785,0.2283363931446254
786,0.22836164016047575
787,0.22842118500917943
788,0.22846667727358905
789,0.22863840461725046
790,0.22867841875557934
791,0.22870366577142973
792,0.22872248194362008
793,0.22876606877287117
794,0.22880465383483117
795,0.22886610411869338
796,0.22898090658699408
797,0.2290235406986659
798,0.2290475968175422
799,0.22906760388670663
800,0.22910833256321997
801,0.22939248058123393
802,0.22941034403584504
803,0.22944940545659467
804,0.22966805414103458
805,0.2297326007570294
806,0.22975451326135235
807,0.22999745624406337
808,0.23035234354233733
809,0.23039259586006103
810,0.2304197483110699
811,0.23046571693426915
812,0.23048667672101286
813,0.23073343057404092
814,0.23076296481899794
815,0.23106068906251637
816,0.23140128559710146
817,0.23142438899839848
818,0.2314486832966696
819,0.23149989186655476
820,0.23181285959134132
821,0.23184930103874798
822,0.23213440177434122
823,0.2321517888701627
824,0.2324118807693004
825,0.23245022765186557
826,0.23247785646166408
827,0.2325090579623848
828,0.23253883038673664
829,0.23258456083054108
830,0.23279868410647953
831,0.23282012025201285
832,0.2328403655005721
833,0.23288419050921802
834,0.23292634826210024
835,0.23321383079164162
836,0.23382357004236734
837,0.23384976977579697
838,0.23388430578804512
839,0.23412867784712504
840,0.2341636902181628
841,0.23419250992493537
842,0.23423061862810574
843,0.23481106181326927
844,0.23485321956615146
845,0.2348794192995811
846,0.2348958536778233
847,0.23493991686586405
848,0.2358326132376297
849,0.2358762000668808
850,0.23590787792639115
851,0.23593622127437408
852,0.23695491454599674
853,0.2370449463572367
854,0.2372133391893707
855,0.2372516860719359
856,0.23728026759931367
857,0.2373631540287092
858,0.23823989238102225
859,0.23828038287814074
860,0.2383042008176222
861,0.2383718437657496
862,0.23858739611805696
863,0.23961394930970847
864,0.2396546779862218
865,0.2396804013608618
866,0.2396999320712366
867,0.23974161346532918
868,0.24029728599343197
869,0.24213317276866397
870,0.24218604859431284
871,0.2425309323580046
872,0.24411339625715373
873,0.2441405487081626
874,0.24415817398337888
875,0.24417675197617444
876,0.2441922336368374
877,0.24419818812170777
878,0.2442065244005263
879,0.24749983089262967
880,0.24756747384075706
881,0.24758557547476298
882,0.24762868594522447
883,0.24827534300214646
884,0.24832035890776646
885,0.24853233856915158
886,0.24856949455474267
887,0.2486006960554634
888,0.2486180831512849
889,0.24955936811959273
890,0.24960462220460752
891,0.2496315364762216
892,0.24964535088112086
893,0.2496882231721875
894,0.24973323907780748
895,0.24991187362391853
896,0.24998928192723333
897,0.2500371559855911
898,0.2502517556203192
899,0.2502908170410688
900,0.25031606405691914
901,0.25037227439409543
902,0.2506349862665761
903,0.2519599782399305
904,0.2520038032485764
905,0.25203381385232304
906,0.25204643736024823
907,0.25208907147192006
908,0.2524237135216348
909,0.25243157344166367
910,0.25245086597264366
911,0.2524753984503096
912,0.2526409331297058
913,0.25264712579397103
914,0.25268642539411545
915,0.25271238694815024
916,0.25273310855549913
917,0.25274358844887096
918,0.2527545447010325
919,0.2527647864150095
920,0.2527759808465658
921,0.25281837677884283
922,0.25303226187538647
923,0.2530613197615538
924,0.2530751341664531
925,0.25311467194599235
926,0.2537203621470062
927,0.25374727641862027
928,0.2537615671823092
929,0.25380586854974474
930,0.2538463590468632
931,0.25509108456416507
932,0.2551196660915428
933,0.25513324231704726
934,0.25517182737900723
935,0.25546264442007605
936,0.2554764588249753
937,0.25551623478390934
938,0.25556148886892416
939,0.25573464528895445
940,0.25577608850365224
941,0.25580514638981966
942,0.2558189607947189
943,0.2560778617968825
944,0.2561097778357877
945,0.2561221631643181
946,0.2561695608638862
947,0.25617837350149436
948,0.25620886046403063
949,0.2564198874078365
950,0.2564632360576928
951,0.25676358027455415
952,0.2568076434625949
953,0.256835748631183
954,0.2568917207889645
955,0.2574492987522258
956,0.2574909801463184
957,0.2575190853149065
958,0.2575336142579902
959,0.25757458111389836
960,0.25847775737903583
961,0.2585280132313417
962,0.25854921119748026
963,0.258561120167221
964,0.2595064541852407
965,0.25954456288841105
966,0.25956052090786363
967,0.2595745734921577
968,0.259605060454694
969,0.25961911303898805
970,0.2596326892644925
971,0.25985014705195836
972,0.2605361037090248
973,0.26057445059158996
974,0.2606087484244433
975,0.260623277367527
976,0.2606359008754522
977,0.2606485243833774
978,0.2606625769676714
979,0.26096292118453285
980,0.26100865162833725
981,0.26190730248497324
982,0.26194898387906584
983,0.2619901889143688
984,0.26203615753756804
985,0.2629791097616396
986,0.26300792946841217
987,0.26302269659089067
988,0.26366220826596826
989,0.263998041212657
990,0.2640082829266341
991,0.26402281186971777
992,0.2640382935303807
993,0.26405258429406964
994,0.26572341274869504
995,0.2657512797378883
996,0.26576557050157723
997,0.26640746397060294
998,0.2664358073185859
999,0.26645247987622295
1000,0.2667559204252169
1001,0.2667799765440932
1002,0.2667926000520184
1003,0.2670946115246435
1004,0.2671234312314161
1005,0.26713557838055163
1006,0.2674356844180182
1007,0.26746426594539596
1008,0.26747903306787446
1009,0.2681228319720587
1010,0.26815165167883126
1011,0.268166180621915
1012,0.26846604847998673
1013,0.2684929627516008
1014,0.26850844441226374
1015,0.2688083122703355
1016,0.2688387992328718
1017,0.2688547572523244
1018,0.2695245177105434
1019,0.2695385702948375
1020,0.26983748543533
1021,0.2698667815008922
1022,0.2698791668294226
1023,0.27261275174371136
1024,0.32406617004674987
1025,0.3243824722830638
1026,0.3243960485085683
1027,0.32440914837528306
1028,0.3244210573450238
1029,0.3250574726879688
1030,0.32506128355828584
1031,0.32506842894013027
1032,0.3250839106007932
1033,0.3250941523147703
1034,0.3251012976966147
1035,0.32539640196679015
1036,0.32540688186016203
1037,0.325413312703822
1038,0.3254247453147731
1039,0.3254361779257242
1040,0.3254409415136205
1041,0.3254490396130442
1042,0.325778441716073
1043,0.32577915625425746
1044,0.3257793944336523
1045,0.32578558709791744
1046,0.32779177214044203
1047,0.32779725026652273
1048,0.327811064671422
1049,0.327827737229059
1050,0.32783916984001016
1051,0.3278589387297798
1052,0.32812022152589154
1053,0.32813165413684264
1054,0.32814308674779374
1055,0.32815451935874485
1056,0.3281678574048545
1057,0.32818786447401893
1058,0.32820977697834186
1059,0.3284767760799292
1060,0.32848773233209067
1061,0.32850011766062104
1062,0.3285108357333877
1063,0.32853251005831585
1064,0.3285494207953477
1065,0.3288166580763298
1066,0.3288273761490965
1067,0.3288697720813735
1068,0.32915963640486307
1069,0.32917106901581417
1070,0.329184168882529
1071,0.3291975069286386
1072,0.32920965407777414
1073,0.3292415701166793
1074,0.32951047465342514
1075,0.32954262887172514
1076,0.32956859042576
1077,0.3298396385770591
1078,0.3298486893940621
1079,0.3305310733602063
1080,0.33054560230329
1081,0.3305598930669789
1082,0.33056727662821817
1083,0.33057870923916927
1084,0.33059061820891
1085,0.33060133628167665
1086,0.33088977152879734
1087,0.3309109694949358
1088,0.3309297856671262
1089,0.3309362165107862
1090,0.3309512218126595
1091,0.3315733463919156
1092,0.33165456556554745
1093,0.33221690711670504
1094,0.33221714529609986
1095,0.3322392959798176
1096,0.33225858851079765
1097,0.33228145373269985
1098,0.33228359734725316
1099,0.33228597914120134
1100,0.33230455713399687
1101,0.3330193334978359
1102,0.3330302897499974
1103,0.3332670400684432
1104,0.3332875234963973
1105,0.33331372322982694
1106,0.3333313485050432
1107,0.33335135557420764
1108,0.3333737444373202
1109,0.33393251329755563
1110,0.3339525203667201
1111,0.3356488340165906
1112,0.33770670398778996
1113,0.3377264728775596
1114,0.33804896777813875
1115,0.33806968938548765
1116,0.3380896964546521
1117,0.33811065624139575
1118,0.33813471236027204
1119,0.33815567214701575
1120,0.3383928988242512
1121,0.3384117149964416
1122,0.33843362750076456
1123,0.33845982723419415
1124,0.3384781670475949
1125,0.33850365224284007
1126,0.338541046407826
1127,0.3387382589467326
1128,0.33875445514558
1129,0.33877470039413926
1130,0.3388037582803067
1131,0.3388206690173385
1132,0.3394237392450094
1133,0.3394389827262776
1134,0.33946327702454865
1135,0.3394835222731079
1136,0.33955545245034197
1137,0.34079541437974753
1138,0.34082995039199565
1139,0.34085638830482007
1140,0.3411781686672148
1141,0.34119698483940514
1142,0.34122127913767625
1143,0.3412484315886851
1144,0.3412643896081377
1145,0.3412770131160629
1146,0.34128796936822436
1147,0.3414792274222606
1148,0.3414982817738458
1149,0.3415209088163532
1150,0.34154258314128133
1151,0.34156020841649765
1152,0.3415883135850858
1153,0.34161546603609466
1154,0.34182339664776795
1155,0.34184149828177385
1156,0.34186221988912274
1157,0.34189294503105383
1158,0.34190485400079457
1159,0.34194963172701975
1160,0.34197130605194787
1161,0.34198845496837454
1162,0.3425084005872551
1163,0.3425276931182351
1164,0.34254984380195286
1165,0.3425691363329329
1166,0.3425920015548351
1167,0.3426182012882647
1168,0.34263368294892765
1169,0.3426548809150662
1170,0.3431984062940334
1171,0.34323556227962454
1172,0.34327914910887564
1173,0.3433232122969163
1174,0.34336751366435186
1175,0.3435566281038348
1176,0.34362355651377774
1177,0.34392128075729617
1178,0.3440337014316487
1179,0.34404918309231164
1180,0.34427235718525306
1181,0.344284027975599
1182,0.34430570230052715
1183,0.3443195167054264
1184,0.3443357129042738
1185,0.3443485745915938
1186,0.3443776324777612
1187,0.3445657941996648
1188,0.34458484855125
1189,0.3446081901319419
1190,0.34461581187257595
1191,0.3446277208423167
1192,0.3446382007356885
1193,0.34465034788482407
1194,0.34466011324001145
1195,0.3446875038704152
1196,0.3447220398826633
1197,0.3449511684604751
1198,0.3449699846326654
1199,0.34503596032502915
1200,0.3450504892681128
1201,0.34506716182574987
1202,0.34508621617733504
1203,0.3452519890361261
1204,0.3452729488228698
1205,0.34529176499506015
1206,0.3453167738315157
1207,0.3453489280498157
1208,0.3453715550923231
1209,0.34540299477243863
1210,0.3454291945058683
1211,0.34563760147633116
1212,0.34566022851883854
1213,0.3456804737673978
1214,0.34572358423785926
1215,0.3458934061463622
1216,0.34591317503613184
1217,0.3459136513949214
1218,0.34593461118166513
1219,0.3459539037126451
1220,0.3459791507284955
1221,0.3460020159503977
1222,0.3460217848401673
1223,0.3460648953106288
1224,0.3461063385253266
1225,0.346233049963368
1226,0.3462492461622154
1227,0.3462787804071724
1228,0.3462990256557317
1229,0.34634380338195686
1230,0.34636643042446424
1231,0.34640834999795167
1232,0.34662009147994194
1233,0.3466417658048701
1234,0.34666534556495676
1235,0.34670869421481304
1236,0.34675132832648486
1237,0.34679396243815674
1238,0.34680634776668706
1239,0.3472650812811003
1240,0.34728437381208027
1241,0.3473072390339825
1242,0.3473270079237521
1243,0.3473741674439254
1244,0.3473948890512743
1245,0.3474372849835513
1246,0.3474799190952232
1247,0.3475923397695757
1248,0.347609965044792
1249,0.3476223503733224
1250,0.34763545024003717
1251,0.3476502173625157
1252,0.3476726062256283
1253,0.34769618598571495
1254,0.3477107149287986
1255,0.34772190936035496
1256,0.34773762920041273
1257,0.3477497763495483
1258,0.34776406711323715
1259,0.3477793105945053
1260,0.34780622486611934
1261,0.3478186101946497
1262,0.3478217065267823
1263,0.3479507997587719
1264,0.347971283186726
1265,0.3483387939929251
1266,0.3483597537796688
1267,0.3487229773567613
1268,0.3487420317083465
1269,0.34880919829768425
1270,0.3489814020001353
1271,0.3489947400462449
1272,0.3490080780923545
1273,0.3490233215736227
1274,0.34904237592520787
1275,0.34906476478832044
1276,0.34909382267448785
1277,0.34910882797636117
1278,0.34913740950373895
1279,0.34915360570258636
1280,0.3491726600541715
1281,0.34919242894394115
1282,0.34931985492016704
1283,0.34936820533731444
1284,0.34938630697132034
1285,0.3494277501860181
1286,0.3494987276456729
1287,0.3495115893329929
1288,0.3495318345815521
1289,0.349552556188901
1290,0.34966878773357063
1291,0.34971142184524245
1292,0.3497523887011506
1293,0.34977215759092023
1294,0.3497962137097965
1295,0.3498107426528802
1296,0.3498347987717565
1297,0.3499257833005757
1298,0.3499693701298268
1299,0.35001009880634015
1300,0.35005487653256534
1301,0.35007345452536087
1302,0.3501789679972638
1303,0.3502239839028838
1304,0.3502678089115297
1305,0.3503102048438067
1306,0.3503952348877556
1307,0.35043524902608447
1308,0.35045668517161777
1309,0.3505033683330015
1310,0.35052408994035034
1311,0.35056767676960143
1312,0.35074011865144733
1313,0.3507589348236377
1314,0.35078156186614506
1315,0.3508051416262317
1316,0.3508256250541858
1317,0.3508349140505836
1318,0.3508625428603821
1319,0.3508944588992873
1320,0.3509097023805554
1321,0.35108166790361167
1322,0.35110262769035533
1323,0.35112716016802126
1324,0.3511633634360331
1325,0.35191529578546327
1326,0.3519372082897862
1327,0.3519707915844551
1328,0.3521117937861854
1329,0.35215299882148837
1330,0.3521718149936787
1331,0.352195871112555
1332,0.3522084946204802
1333,0.35223374163633053
1334,0.3522644667782617
1335,0.35228828471774315
1336,0.3523230589093861
1337,0.3524747791838831
1338,0.352496691688206
1339,0.35251526968100155
1340,0.3525448039259586
1341,0.3525814835527601
1342,0.353566355350319
1343,0.3535773116024805
1344,0.35359708049225014
1345,0.3536094658207805
1346,0.3536351891954205
1347,0.3536501944972938
1348,0.353694972223519
1349,0.3537402263085338
1350,0.3537840513171797
1351,0.35378524221415375
1352,0.35382573271127227
1353,0.353846692498016
1354,0.35386765228475964
1355,0.35388670663634486
1356,0.35389694835032187
1357,0.3539190990340396
1358,0.35394053517957297
1359,0.35395149143173443
1360,0.35399531644038035
1361,0.35403699783447296
1362,0.35408582461040994
1363,0.35412607692813364
1364,0.3541272678251077
1365,0.3541687110398055
1366,0.3541970543877884
1367,0.35421158333087216
1368,0.35422944678548324
1369,0.35425350290435953
1370,0.35426541187410027
1371,0.35429399340147805
1372,0.35433615115436023
1373,0.3543499655592595
1374,0.35437163988418763
1375,0.35442380117165206
1376,0.354470246153641
1377,0.3545112130095491
1378,0.3545502744302987
1379,0.35457218693462167
1380,0.3545940994389446
1381,0.354623157325112
1382,0.35466412418102017
1383,0.35469342024658235
1384,0.3547193818006172
1385,0.35477059037050235
1386,0.35477178126747644
1387,0.35481298630277935
1388,0.3548139390203586
1389,0.3548560967732408
1390,0.3548827728654601
1391,0.3548961109115697
1392,0.3549156416219445
1393,0.3549320760001867
1394,0.3553243574634466
1395,0.35610892038996633
1396,0.3576589918914207
1397,0.3577268730189429
1398,0.3577687925924303
1399,0.3578130939598658
1400,0.35785572807153765
1401,0.35794075811548653
1402,0.357971006898628
1403,0.35798434494473763
1404,0.3580022083993487
1405,0.3580265026976198
1406,0.3580374589497813
1407,0.35806913680929164
1408,0.3581151054324909
1409,0.3584964306435893
1410,0.35854049383163006
1411,0.35858122250814334
1412,0.35862814384892183
1413,0.36003864222501475
1414,0.3600624601644962
1415,0.36008341995123994
1416,0.3601239104483584
1417,0.3601670209188199
1418,0.3602010805722784
1419,0.36025348003913765
1420,0.3603013540974954
1421,0.36034279731219315
1422,0.36038281145052203
1423,0.36040400941666056
1424,0.36042544556219386
1425,0.36044854896349093
1426,0.36047022328841904
1427,0.36051285740009087
1428,0.36052690998438497
1429,0.36055549151176275
1430,0.36064123609389603
1431,0.36068506110254195
1432,0.3607036390953375
1433,0.3607279333936086
1434,0.36074698774519376
1435,0.3607693766083064
1436,0.36085464483165003
1437,0.36089966073727003
1438,0.3609418184901522
1439,0.3610894897149374
1440,0.36111354583381367
1441,0.3611252166241596
1442,0.361154274510327
1443,0.3611783306292033
1444,0.3611980995189729
1445,0.3616720765146542
1446,0.36171471062632604
1447,0.36175663019981347
1448,0.3617763990895831
1449,0.3617990261320905
1450,0.36182736948007344
1451,0.3618392784498142
1452,0.3618983469397282
1453,0.3619271666465008
1454,0.36295395801754715
1455,0.36299611577042934
1456,0.36310591647143897
1457,0.36312830533455154
1458,0.3631504560182693
1459,0.36316879583167005
1460,0.36319809189723223
1461,0.36321214448152633
1462,0.363255016772593
1463,0.3637687697272084
1464,0.36381045112130095
1465,0.3638328399844135
1466,0.36385856335905353
1467,0.36389881567677723
1468,0.3639166791313883
1469,0.3639407352502646
1470,0.3639671731630891
1471,0.36398313118254166
1472,0.3641977308172697
1473,0.364241079467126
1474,0.36428728626972007
1475,0.36488535473009986
1476,0.36520546783673086
1477,0.36540768214292857
1478,0.36544412359033523
1479,0.3654874722401915
1480,0.36550652659177674
1481,0.3655274863785204
1482,0.3655484461652641
1483,0.3655727404635352
1484,0.3656129927812589
1485,0.36565705596929965
1486,0.3656984991839974
1487,0.36574494416598624
1488,0.3657856728424996
1489,0.36583164146569885
1490,0.36585117217607366
1491,0.36586951198947437
1492,0.36589213903198176
1493,0.365911193383567
1494,0.36595787654495066
1495,0.3660055124239136
1496,0.366086017059361
1497,0.3661800979203128
1498,0.36626298434970833
1499,0.36630014033529945
1500,0.3663475380348676
1501,0.3663887430701705
1502,0.3664306626436579
1503,0.366471629499566
1504,0.366516645405186
1505,0.3665371288331401
1506,0.36655618318472527
1507,0.366578333868443
1508,0.3665988172963971
1509,0.36664192776685856
1510,0.3666931363367437
1511,0.36672838688717635
1512,0.36677221189582226
1513,0.36681413146930963
1514,0.3668605764512985
1515,0.3668784399059096
1516,0.36690154330720665
1517,0.3669205976587918
1518,0.36694751193040587
1519,0.36698300066023326
1520,0.3670306365391962
1521,0.36741720169698056
1522,0.3675570130017368
1523,0.3675841654527457
1524,0.3676053634188842
1525,0.3676715772906427
1526,0.36771302050534044
1527,0.36775827459035526
1528,0.3678020995990012
1529,0.3678847478490019
1530,0.36796930153416113
1531,0.3680574279102426
1532,0.3682760765946825
1533,0.3683565812301299
1534,0.3684020734945395
1535,0.3684430403504476
1536,0.3684866271796987
1537,0.36904182334901187
1538,0.3690930319188971
1539,0.36912899700751406
1540,0.36917282201616
1541,0.36921521794843704
1542,0.36926094839224144
1543,0.3693431202834525
1544,0.3693881361890725
1545,0.3694305321213495
1546,0.3694703080802836
1547,0.36981471548518574
1548,0.36985854049383166
1549,0.3699014127848983
1550,0.37028988337784113
1551,0.37033085023374923
1552,0.37069097747870916
1553,0.37071717721213876
1554,0.37075862042683655
1555,0.37080554176761504
1556,0.3708141162258284
1557,0.3708305506040706
1558,0.3708315033216498
1559,0.37097417277914385
1560,0.37101418691747273
1561,0.37103681395998017
1562,0.3710734935867816
1563,0.3711035041905283
1564,0.371143756508252
1565,0.3713181038252564
1566,0.3713574034254008
1567,0.3713771723151704
1568,0.37140027571646744
1569,0.3714286190644504
1570,0.3714443389045082
1571,0.37148744937496964
1572,0.37150054924168446
1573,0.371616780786354
1574,0.37166060579499993
1575,0.3717001435745392
1576,0.37172181789946734
1577,0.37174253950681624
1578,0.37178660269485697
1579,0.37183066588289765
1580,0.37184471846719175
1581,0.37213291553491756
1582,0.3721703096999035
1583,0.3738854395219644
1584,0.375953313027746
1585,0.37607549905728593
1586,0.3761200386041163
1587,0.3761605291012348
1588,0.37618196524676817
1589,0.37620101959835334
1590,0.37624484460699925
1591,0.37628938415382956
1592,0.3792113689694168
1593,0.3792454286228753
1594,0.37926543569203974
1595,0.37929425539881234
1596,0.3798932765767714
1597,0.3799330525357055
1598,0.3799594904485299
1599,0.3799895010522766
1600,0.38002141709118176
1601,0.38027483996726463
1602,0.3816477059989768
1603,0.3816717621178531
1604,0.3816867674197264
1605,0.38168938739306935
1606,0.3816912928282279
1607,0.38173416511929453
1608,0.3823798694586373
1609,0.3824189308793869
1610,0.38267711734336607
1611,0.3826971244125305
1612,0.3827268968368824
1613,0.382759527413972
1614,0.3829760324838586
1615,0.383021762927663
1616,0.3830439136113808
1617,0.38306296796296596
1618,0.3831070311510067
1619,0.38400996923674935
1620,0.3840707049824271
1621,0.3843527093858878
1622,0.38441225423459147
1623,0.3844770390299811
1624,0.3854407128614015
1625,0.38645154621299527
1626,0.3864975148361945
1627,0.386544436176973
1628,0.3867545104031996
1629,0.38679261910637
1630,0.38681310253432405
1631,0.3868331096034885
1632,0.38688288909700475
1633,0.38713535925550835
1634,0.3884715456604191
1635,0.3895385893491891
1636,0.3895581200595639
1637,0.39163409166476915
1638,0.39196611374114093
1639,0.3919794517872505
1640,0.39227693785137413
1641,0.39229146679445787
1642,0.3923079011727001
1643,0.39231981014244083
1644,0.3926087217483511
1645,0.39262063071809183
1646,0.39265326129518147
1647,0.3926649320855274
1648,0.3929707544284695
1649,0.39365528200916705
1650,0.39398468411219584
1651,0.393993496749804
1652,0.39402374553294545
1653,0.39403493996450173
1654,0.45093433012997924
1655,0.4509557662755126
1656,0.45126516130937694
1657,0.4512773084585125
1658,0.4512999355010199
1659,0.4513185134938154
1660,0.4516181431724924
1661,0.45163410119194497
1662,0.4516583954902161
1663,0.45195421429857596
1664,0.45196898142105446
1665,0.45198755941385005
1666,0.4520028028951182
1667,0.4533327966357637
1668,0.4533601872661674
1669,0.45337590710622516
1670,0.4543636370565219
1671,0.454368638823813
1672,0.4543888840723722
1673,0.45442508734038406
1674,0.45607424147008135
1675,0.45612568821936134
1676,0.4563950691148968
1677,0.4564210306689316
1678,0.45646223570423455
1679,0.456721374885793
1680,0.4567625799210959
1681,0.45680449949458335
1682,0.45684570452988627
1683,0.45706602047008993
1684,0.45710174737931214
1685,0.45740828426043867
1686,0.45744806021937273
1687,0.4574906943310446
1688,0.4575345193396905
1689,0.45775173894776156
1690,0.4577912767273008
1691,0.4578741631566963
1692,0.45809138276476735
1693,0.4581104371163525
1694,0.4581325878000703
1695,0.4581514039722607
1696,0.45818189093479694
1697,0.45821666512643994
1698,0.4584360283490643
1699,0.45845436816246504
1700,0.45847246979647094
1701,0.45849342958321465
1702,0.4585189147784598
1703,0.45856559793984353
1704,0.45877686306304416
1705,0.4588199735335056
1706,0.4588242607626123
1707,0.4588273570947449
1708,0.45886213128638786
1709,0.45890095452774265
1710,0.4591196032121826
1711,0.45915937917111666
1712,0.4591843880075722
1713,0.4592055859737107
1714,0.4592456001120396
1715,0.45989154263077714
1716,0.46050961816032143
1717,0.4615240242028374
1718,0.46153831496652625
1719,0.46156260926479736
1720,0.4615664201351144
1721,0.4615802345400137
1722,0.46160429065888997
1723,0.46165073564087883
1724,0.4618648589168173
1725,0.4618810551156647
1726,0.4619084457460684
1727,0.4619246419449158
1728,0.46194988896076616
1729,0.4622757183728727
1730,0.4625503392150941
1731,0.4625743953339704
1732,0.46258987699463333
1733,0.46261274221653553
1734,0.4626327492857
1735,0.46267895608829407
1736,0.4628964138757599
1737,0.46291737366250363
1738,0.4629366661934836
1739,0.4629542914686999
1740,0.46297453671725913
1741,0.46302193441682726
1742,0.4632358195133709
1743,0.46327464275472574
1744,0.4633234695306627
1745,0.4633661036423346
1746,0.46529178404941174
1747,0.4653086947864436
1748,0.46537729045215026
1749,0.46568120735993385
1750,0.4657035962230464
1751,0.4657224123952368
1752,0.46644933590821136
1753,0.4671352925652778
1754,0.4671817375472667
1755,0.4673525121733489
1756,0.4673644211430896
1757,0.4673915735940985
1758,0.467412771560237
1759,0.4674387331142718
1760,0.4674773181762318
1761,0.46752400133761546
1762,0.46768977419640656
1763,0.4677040649600954
1764,0.4677338373844473
1765,0.46775741714453395
1766,0.4677762333167243
1767,0.46807514845721676
1768,0.46810158637004123
1769,0.468117306210099
1770,0.46816470390966713
1771,0.4687234727699025
1772,0.46873442902206397
1773,0.4687818267216321
1774,0.4688118373253788
1775,0.46884899331096985
1776,0.46889162742264173
1777,0.4690657365602513
1778,0.4690785982475713
1779,0.4691062270573698
1780,0.4691286159204824
1781,0.46914886116904164
1782,0.46919244799829274
1783,0.4694099057857586
1784,0.46942324383186823
1785,0.46945277807682523
1786,0.46946945063446227
1787,0.46949112495939044
1788,0.46953828447956375
1789,0.46957948951486667
1790,0.4701761288988776
1791,0.47048195124181974
1792,0.4714684902951424
1793,0.471479208367909
1794,0.47150374084557495
1795,0.4718755388808808
1796,0.4718934023354919
1797,0.47193698916474297
1798,0.4719808141733889
1799,0.4721977956020651
1800,0.4722151826978866
1801,0.4722359043052355
1802,0.4722783002375125
1803,0.4728570761669123
1804,0.4728789886712353
1805,0.47290018663737377
1806,0.4729249572944345
1807,0.47297021137944933
1808,0.47318266739962406
1809,0.4731936236517855
1810,0.47321839430884627
1811,0.47326507747022994
1812,0.473307473402507
1813,0.47352516936936767
1814,0.47353755469789804
1815,0.47356232535495874
1816,0.4735861432944402
1817,0.4736066267223943
1818,0.4736537862425676
1819,0.47369784943060833
1820,0.4738683858772957
1821,0.47390840001562456
1822,0.4739295979817631
1823,0.474002957235366
1824,0.4740413041179312
1825,0.4749078007562672
1826,0.47493566774546053
1827,0.4769666234450458
1828,0.47699258499908065
1829,0.47701902291190507
1830,0.47703688636651614
1831,0.4770840458866895
1832,0.4771231073074391
1833,0.47716717049547985
1834,0.4773022182123398
1835,0.4773398505567205
1836,0.47735961944649014
1837,0.47737938833625976
1838,0.4774239278830901
1839,0.47763971841479225
1840,0.477670919915513
1841,0.4776833052440434
1842,0.4777257011763204
1843,0.4777471373218537
1844,0.4777635717000959
1845,0.4778069203499522
1846,0.47781430391119145
1847,0.477852174434967
1848,0.47802342541983883
1849,0.48038521229882175
1850,0.48039807398614176
1851,0.4804214155668336
1852,0.48044737712086844
1853,0.4804711950603499
1854,0.4807284288067498
1855,0.48074033777649056
1856,0.4807674902274994
1857,0.48079083180819127
1858,0.48080988615977643
1859,0.4808577602181342
1860,0.48089872707404235
1861,0.4809404084681349
1862,0.4810704544177038
1863,0.4810821252080497
1864,0.4811097540178482
1865,0.48113190470156597
1866,0.48115596082044226
1867,0.4811957367793763
1868,0.4814524941669866
1869,0.4814872683586296
1870,0.48149655735502733
1871,0.48154371687520064
1872,0.4817573637923495
1873,0.4817685582239058
1874,0.4817964252130991
1875,0.4818157177440791
1876,0.4818419174775087
1877,0.4818888388182872
1878,0.4819245657275094
1879,0.4819674380185761
1880,0.48210105665906716
1881,0.48211225109062344
1882,0.4821358308507101
1883,0.4821579815344279
1884,0.4821806085769353
1885,0.48222348086800193
1886,0.48226968767059597
1887,0.4823113690646886
1888,0.4826562528283803
1889,0.482848225420601
1890,0.4829156301893336
1891,0.4829568352246365
1892,0.48300089841267724
1893,0.48347320815259487
1894,0.4834839262253615
1895,0.48350964960000153
1896,0.4835549036850163
1897,0.4838157101223385
1898,0.4838283336302636
1899,0.48385072249337624
1900,0.4838511988521659
1901,0.48387263499769917
1902,0.4838733495358836
1903,0.48390097834568213
1904,0.48394337427795914
1905,0.4839824356987088
1906,0.484034835165568
1907,0.4845126230315664
1908,0.48453953730318045
1909,0.48456478431903083
1910,0.48458431502940563
1911,0.4846667251000115
1912,0.4847145991583693
1913,0.48480153463747666
1914,0.4848446451079381
1915,0.48488418288747737
1916,0.4849075244681692
1917,0.48492705517854406
1918,0.4849708801871899
1919,0.48510187885433803
1920,0.485143083889641
1921,0.4851866707188921
1922,0.4851978651504484
1923,0.4852233503456936
1924,0.48561420273258454
1925,0.48578521553806153
1926,0.48586929286443115
1927,0.48588358362812
1928,0.4859100215409445
1929,0.4859362212743741
1930,0.4859571810611178
1931,0.48599552794368295
1932,0.4860412583874874
1933,0.48608389249915923
1934,0.4861315283781222
1935,0.48617344795160955
1936,0.48622632377725844
1937,0.48625538166342586
1938,0.4862973012369132
1939,0.4867698491562257
1940,0.48689846602942566
1941,0.48694395829383524
1942,0.48696706169513226
1943,0.48698421061155894
1944,0.48702636836444113
1945,0.4870804350870641
1946,0.48711735289326036
1947,0.48720357383418333
1948,0.48724454069009143
1949,0.48725883145378035
1950,0.4872843166490255
1951,0.48730765822971733
1952,0.48732671258130256
1953,0.4876006188853395
1954,0.4876556383255417
1955,0.4876737399595476
1956,0.487711848662718
1957,0.4877561500301535
1958,0.48779949868000977
1959,0.4880986519998971
1960,0.4882734756756911
1961,0.4882849082866422
1962,0.48831158437886146
1963,0.4883344496007637
1964,0.48835612392569183
1965,0.4883975671403896
1966,0.488439486713877
1967,0.4884842644401022
1968,0.48853237667785476
1969,0.48861669218361914
1970,0.48862741025638584
1971,0.48865265727223617
1972,0.48868147697900877
1973,0.48869862589543545
1974,0.48874078364831763
1975,0.4887822268630154
1976,0.48882819548621465
1977,0.4889599086915472
1978,0.4889713413024983
1979,0.4889984937535072
1980,0.4890185008226716
1981,0.48903993696820497
1982,0.4890828092592716
1983,0.48912544337094344
1984,0.4891685538414049
1985,0.4891883227311745
1986,0.48930336337887004
1987,0.4893136050928471
1988,0.48934266297901446
1989,0.4893626700481789
1990,0.4893845825525019
1991,0.48943126571388557
1992,0.4894696125964507
1993,0.48951129399054333
1994,0.4896451508104292
1995,0.48965515434501145
1996,0.4896870703839166
1997,0.4897004084300262
1998,0.48972994267498327
1999,0.4897692422751277
2000,0.4898133054631684
2001,0.4898521287045232
2002,0.4898568922924195
2003,0.4899876527801728
2004,0.49000742166994243
2005,0.4900295723536602
2006,0.49005005578161426
2007,0.4900733973623061
2008,0.4901608092002031
2009,0.4901991560827683
2010,0.49049902394084005
2011,0.4908855890986244
2012,0.49101920773911545
2013,0.49103897662888507
2014,0.4910989978363784
2015,0.49114520463897243
2016,0.49118593331548577
2017,0.4913983893356605
2018,0.49148508663537305
2019,0.4915284352852293
2020,0.49157249847327006
2021,0.4917442258169315
2022,0.4922148683010854
2023,0.49238683382414167
2024,0.4924020773054098
2025,0.4924258952448913
2026,0.49245423859287424
2027,0.4925583229884083
2028,0.4926469257232794
2029,0.49273719571391417
2030,0.49273910114907266
2031,0.492799122356566
2032,0.49281508037601857
2033,0.4928567617701112
2034,0.4929005867787571
2035,0.49294345906982373
2036,0.49298918951362813
2037,0.49332716607487026
2038,0.49347197914691765
2039,0.49348198268149984
2040,0.4935005606742954
2041,0.49354414750354647
2042,0.4935836852830857
2043,0.4936284630093109
2044,0.4937627961879864
2045,0.4937739906195427
2046,0.49379709402083977
2047,0.49381972106334715
2048,0.493843062644039
2049,0.49416222303309076
2050,0.4941636521094596
2051,0.4941648430064337
2052,0.49418699369015145
2053,0.49423034234000773
2054,0.49427321463107443
2055,0.49431418148698253
2056,0.4944482764862632
2057,0.4944875760864077
2058,0.49450996494952026
2059,0.49453259199202765
2060,0.49461762203597653
2061,0.4946559689185417
2062,0.494786729406295
2063,0.4948143582160935
2064,0.49482793444159795
2065,0.49485103784289497
2066,0.4948777139351142
2067,0.494916537176469
2068,0.49495607495600824
2069,0.4950008526822334
2070,0.49515828926220595
2071,0.49521902500788373
2072,0.495258562787423
2073,0.4952981005669622
2074,0.49547768783065255
2075,0.4955162728926125
2076,0.4955586688248896
2077,0.49620222954967896
2078,0.4962219984394486
2079,0.49624343458498194
2080,0.49719210311452905
2081,0.4972009157521372
2082,0.4973614486642423
2083,0.4976586965489711
2084,0.49770180701943256
2085,0.49821960902375984
2086,0.49823008891713166
2087,0.49825867044450944
2088,0.4982839174603598
2089,0.4983017809149709
2090,0.49834489138543236
2091,0.4983872873177094
2092,0.4985637782492671
2093,0.4986021251318323
2094,0.4986233230979708
2095,0.49864571196108337
2096,0.4987309801844271
2097,0.5011320666635545
2098,0.5013083194157174
2099,0.5014733777363239
2100,0.5016505832060661
2101,0.5016879773710521
2102,0.5024651567363325
2103,0.5028474346650103
2104,0.5030198765468561
2105,0.5030317855165968
2106,0.503059890685185
2107,0.5030818031895079
2108,0.5031039538732257
2109,0.5031496843170301
2110,0.5031554006225056
2111,0.5031899366347538
2112,0.5034957589776959
2113,0.5048207509510503
2114,0.5048686250094081
2115,0.5048717213415407
2116,0.5048733885973044
2117,0.5051208569885169
2118,0.505139911340102
2119,0.5051649201765577
2120,0.505204219776702
2121,0.5052473302471635
2122,0.5054169139762716
2123,0.5054376355836205
2124,0.5054607389849175
2125,0.5054797933365027
2126,0.5055043258141686
2127,0.5055469599258404
2128,0.5061909970094195
2129,0.5062343456592758
2130,0.5064560906758483
2131,0.5064637124164824
2132,0.506488721252938
2133,0.5065373098494802
2134,0.5065797057817572
2135,0.5067943054164853
2136,0.5068059762068312
2137,0.5068326522990504
2138,0.5068526593682149
2139,0.5068771918458808
2140,0.5069176823429993
2141,0.5072623279272962
2142,0.5074795475353673
2143,0.5074928855814769
2144,0.5075188471355117
2145,0.5075426650749931
2146,0.5075612430677887
2147,0.5076086407673569
2148,0.5078239549402693
2149,0.5078353875512205
2150,0.5081635987572752
2151,0.5081764604445952
2152,0.5082050419719729
2153,0.5082262399381114
2154,0.5082469615454603
2155,0.5082917392716855
2156,0.5088733733538231
2157,0.5092770874280341
2158,0.5093194833603111
2159,0.5095381320447511
2160,0.5095483737587281
2161,0.5099018319806331
2162,0.5099185045382701
2163,0.5099397025044087
2164,0.509967569493602
2165,0.510006154555562
2166,0.5102231359842382
2167,0.510244095770982
2168,0.5102824426535472
2169,0.5105908849698322
2170,0.5112563581989445
2171,0.5112961341578787
2172,0.511324001147072
2173,0.5123555561060146
2174,0.5123665123581761
2175,0.5124122428019805
2176,0.5126375605094753
2177,0.5126694765483805
2178,0.5126880545411759
2179,0.5127097288661041
2180,0.5127535538747501
2181,0.5133123227349854
2182,0.5136957915606372
2183,0.5137177040649601
2184,0.5143610266103547
2185,0.5143796046031502
2186,0.5143967535195769
2187,0.514701384965545
2188,0.5147666461197242
2189,0.5153901997753492
2190,0.5154109213826981
2191,0.515432833887021
2192,0.5154533173149751
2193,0.5157548524288106
2194,0.5157762885743439
2195,0.515797962899272
2196,0.5158394061139698
2197,0.5167613985512977
2198,0.5167799765440932
2199,0.5168087962508657
2200,0.5168230870145547
2201,0.5171086641089375
2202,0.5171281948193124
2203,0.5171396274302634
2204,0.5171727343661428
2205,0.5174480697465486
2206,0.5174702204302664
2207,0.5188376083358978
2208,0.5188626171723533
2209,0.5188850060354658
2210,0.5191839211759584
2211,0.519199879195411
2212,0.5192234589554976
2213,0.5195271376838864
2214,0.5195478592912353
2215,0.5195690572573738
2216,0.5199103683301434
2217,0.5205572635664601
2218,0.5205996594987372
2219,0.5212591782429792
2220,0.5216145419000427
2221,0.5761183237124736
2222,0.5761309472203988
2223,0.5761466670604566
2224,0.5761619105417247
2225,0.5768035658313556
2226,0.5768169038774653
2227,0.5768321473587334
2228,0.5768459617636327
2229,0.5788733447722957
2230,0.5788947809178291
2231,0.5792053668486675
2232,0.5792165612802238
2233,0.5792351392730193
2234,0.5792460955251808
2235,0.5815757281858638
2236,0.5820311271887495
2237,0.5822485849762155
2238,0.5822671629690109
2239,0.5822909809084924
2240,0.5823143224891842
2241,0.5823319477644006
2242,0.5823426658371672
2243,0.5823462385280894
2244,0.582348143963248
2245,0.5823745818760724
2246,0.5827204183573435
2247,0.58293692342723
2248,0.5829481178587863
2249,0.5829781284625329
2250,0.5829995646080662
2251,0.5830219534711789
2252,0.5830641112240611
2253,0.5832760908854462
2254,0.5832901434697403
2255,0.5833227740468299
2256,0.5833413520396254
2257,0.5833630263645536
2258,0.5834051841174358
2259,0.583650508894095
2260,0.5839651438746453
2261,0.5839787201001496
2262,0.5840056343717638
2263,0.5840320722845882
2264,0.5840461248688822
2265,0.5840885208011592
2266,0.5843071694855992
2267,0.584324080222631
2268,0.58435123267364
2269,0.584372906998568
2270,0.584387197762257
2271,0.584436024538194
2272,0.5846489569171583
2273,0.5846668203717694
2274,0.584688018337908
2275,0.5847115980979947
2276,0.584733034243528
2277,0.5847773356109635
2278,0.5849928879632709
2279,0.5850062260093805
2280,0.5850355220749427
2281,0.5850562436822916
2282,0.5850786325454042
2283,0.5851222193746553
2284,0.5853325317802767
2285,0.5853544442845996
2286,0.585422087232727
2287,0.5854597195771077
2288,0.5856995662276862
2289,0.585721716911404
2290,0.5857424385187529
2291,0.5857626837673121
2292,0.5858053178789839
2293,0.5860387336859023
2294,0.5860651715987268
2295,0.5860868459236549
2296,0.5861054239164505
2297,0.5861478198487275
2298,0.5863650394567985
2299,0.5863790920410926
2300,0.5868352055821628
2301,0.5874787663069523
2302,0.5875223531362034
2303,0.5877345709769833
2304,0.5877755378328914
2305,0.58780316664269
2306,0.5878191246621425
2307,0.5878612824150248
2308,0.5880801692788595
2309,0.5880920782486002
2310,0.5881223270317417
2311,0.5881432868184854
2312,0.5881640084258343
2313,0.5882085479726646
2314,0.5891124387759865
2315,0.5891245859251221
2316,0.5891500711203673
2317,0.5891746035980332
2318,0.5891922288732495
2319,0.5894720896621568
2320,0.5894920967313213
2321,0.5895156764914079
2322,0.5895359217399672
2323,0.5895783176722442
2324,0.5897964899978945
2325,0.5898153061700848
2326,0.589836980495013
2327,0.5898598457169152
2328,0.58987937642729
2329,0.589921772359567
2330,0.590137801070664
2331,0.5901516154755633
2332,0.5901799588235462
2333,0.5902009186102899
2334,0.5902223547558233
2335,0.5902657034056795
2336,0.5905217462551053
2337,0.5906101108105817
2338,0.5908232813689408
2339,0.5908382866708142
2340,0.5909090259510742
2341,0.5915523484964688
2342,0.5915780718711088
2343,0.591594506249351
2344,0.5916373785404176
2345,0.591854121789699
2346,0.5918703179885464
2347,0.5918924686722642
2348,0.5919200974820628
2349,0.5919348646045413
2350,0.5919777368956078
2351,0.5921982910152064
2352,0.5922142490346589
2353,0.5922356851801922
2354,0.5922602176578582
2355,0.5922814156239967
2356,0.592320953403536
2357,0.5925603236953247
2358,0.592581759840858
2359,0.5926220121585818
2360,0.5926670280642017
2361,0.5928823422371142
2362,0.5929025874856735
2363,0.5929211654784691
2364,0.5929454597767402
2365,0.5929630850519565
2366,0.5930097682133402
2367,0.5932236533098838
2368,0.5932419931232845
2369,0.5932655728833711
2370,0.5932924871549853
2371,0.5933079688156482
2372,0.5933501265685304
2373,0.593394427935966
2374,0.5935663934590222
2375,0.5935864005281867
2376,0.5936950103322222
2377,0.5950042824655187
2378,0.5950242895346832
2379,0.5950674000051447
2380,0.595281761460478
2381,0.5952934322508239
2382,0.5953227283163861
2383,0.5953367809006801
2384,0.5954068056427557
2385,0.5954075201809401
2386,0.5954501542926119
2387,0.5956214052774838
2388,0.5956452232169652
2389,0.5956657066449192
2390,0.5956883336874267
2391,0.5957083407565912
2392,0.5957555002767645
2393,0.5959634308884377
2394,0.5959870106485243
2395,0.5960084467940577
2396,0.5966503402630834
2397,0.5966713000498272
2398,0.5966936889129397
2399,0.596721555902133
2400,0.5967384666391649
2401,0.5967787189568886
2402,0.5968225439655345
2403,0.5969933185916166
2404,0.5970147547371499
2405,0.5970376199590522
2406,0.5970628669749025
2407,0.5970804922501188
2408,0.5971281281290818
2409,0.597166475011647
2410,0.5976809425044468
2411,0.5977030931881646
2412,0.597723100257329
2413,0.5977442982234675
2414,0.5977662107277905
2415,0.5978093211982519
2416,0.5983671373409081
2417,0.5983869062306777
2418,0.5984107241701592
2419,0.5984314457775081
2420,0.5984526437436466
2421,0.5984948014965288
2422,0.5985400555815436
2423,0.5990530939979746
2424,0.5990735774259286
2425,0.5990969190066204
2426,0.5991190696903382
2427,0.5991376476831337
2428,0.5991826635887537
2429,0.5997626304151277
2430,0.5997821611255024
2431,0.5998062172443788
2432,0.5998228898020158
2433,0.5998683820664253
2434,0.5999093489223335
2435,0.6001663444893386
2436,0.6002516127126822
2437,0.600467879603174
2438,0.6015923245260945
2439,0.6016244787443944
2440,0.6018850470023218
2441,0.6019255374994403
2442,0.6019676952523225
2443,0.6021815803488662
2444,0.6022044455707684
2445,0.6025028843524712
2446,0.6025247968567942
2447,0.6025479002580912
2448,0.6025702891212038
2449,0.6026103032595327
2450,0.6026534137299941
2451,0.6026962860210607
2452,0.6043680671932654
2453,0.6044137976370698
2454,0.6045405090751113
2455,0.6045636124764083
2456,0.6045840959043624
2457,0.604606484767475
2458,0.604628397271798
2459,0.6046679350513372
2460,0.6048887273503305
2461,0.6049287414886593
2462,0.6049480340196394
2463,0.6049697083445674
2464,0.6050135333532134
2465,0.6060398483654701
2466,0.6063854466673463
2467,0.6064266517026492
2468,0.6070733087595712
2469,0.6073500732163459
2470,0.6078026140664939
2471,0.6084830925974797
2472,0.6090401942019513
2473,0.6090649648590121
2474,0.6091697637927306
2475,0.609705191072274
2476,0.6097256745002282
2477,0.6100736545960526
2478,0.6100931853064273
2479,0.6101139069137762
2480,0.6103730460953346
2481,0.6104152038482168
2482,0.6105442970802064
2483,0.6105862166536938
2484,0.6107143571681042
2485,0.6107350787754531
2486,0.610759611253119
2487,0.6115744229627802
2488,0.6124830773539984
2489,0.6124923663503962
2490,0.6128148612509754
2491,0.6128389173698516
2492,0.6128610680535694
2493,0.6129006058331087
2494,0.6129444308417545
2495,0.6129842068006887
2496,0.6131156818266263
2497,0.6131361652545805
2498,0.6131621268086153
2499,0.6131797520838316
2500,0.6132007118705752
2501,0.6132416787264834
2502,0.6132852655557345
2503,0.6133276614880114
2504,0.6134608037697129
2505,0.6134803344800878
2506,0.6135029615225951
2507,0.6135270176414714
2508,0.6135410702257655
2509,0.613585371593201
2510,0.6136270529872936
2511,0.6136699252783603
2512,0.6138002094073239
2513,0.6138202164764883
2514,0.6138447489541543
2515,0.6138683287142409
2516,0.6138885739628002
2517,0.614490453293497
2518,0.6145114130802407
2519,0.6145314201494052
2520,0.6145540471919125
2521,0.6145711961083392
2522,0.6146150211169852
2523,0.6146593224844207
2524,0.6147045765694354
2525,0.6148300971105028
2526,0.6148501041796673
2527,0.6148739221191488
2528,0.6149177471277947
2529,0.6149575230867287
2530,0.6153845787416315
2531,0.615518911920307
2532,0.6155348699397597
2533,0.6155584496998463
2534,0.6155865548684345
2535,0.6156003692733337
2536,0.6162884695449535
2537,0.6163301509390461
2538,0.6163732614095075
2539,0.616416371879969
2540,0.6165640431047542
2541,0.6165883374030252
2542,0.616613108060086
2543,0.6166293042589334
2544,0.6166726529087897
2545,0.6172326126659992
2546,0.6173581332070665
2547,0.6174067218036087
2548,0.6174450686861739
2549,0.6176163196710457
2550,0.6176458539160027
2551,0.6176601446796915
2552,0.6177008733562049
2553,0.6177427929296923
2554,0.6177861415795486
2555,0.617915472990933
2556,0.6179371473158611
2557,0.6179607270759477
2558,0.6179864504505878
2559,0.6180007412142766
2560,0.6180474243756604
2561,0.6180860094376204
2562,0.6181284053698973
2563,0.6183930226775365
2564,0.618429702304338
2565,0.6186452546566453
2566,0.618771727915292
2567,0.6189501242820082
2568,0.618956793305063
2569,0.6189677495572246
2570,0.618991567496706
2571,0.6190106218482911
2572,0.6191151826026148
2573,0.6197168237539169
2574,0.621076828098309
2575,0.6210887370680498
2576,0.6211311330003267
2577,0.6220478854909687
2578,0.6220493145673376
2579,0.6221095739542257
2580,0.6221114793893843
2581,0.6221140993627272
2582,0.6221155284390961
2583,0.6221186247712287
2584,0.6221626879592694
2585,0.6231337453519291
2586,0.623145416142275
2587,0.6231897175097105
2588,0.6232375915680683
2589,0.6232387824650424
2590,0.6234066989383868
2591,0.6234302786984735
2592,0.6234710073749867
2593,0.623491252623546
2594,0.6235343630940074
2595,0.6235746154117312
2596,0.6237932640961711
2597,0.6238194638296007
2598,0.6238301819023674
2599,0.6239185464578437
2600,0.6241750656660592
2601,0.6244575464283094
2602,0.6254838614405661
2603,0.6255055357654943
2604,0.6255493607741403
2605,0.6255924712446017
2606,0.625633199921115
2607,0.6258087381350934
2608,0.6258787628771689
2609,0.6258911482056994
2610,0.6259337823173712
2611,0.6259761782496482
2612,0.626150049207863
2613,0.6261679126624741
2614,0.6261895869874022
2615,0.62621816851478
2616,0.6262324592784688
2617,0.6262791424398526
2618,0.6263189183987866
2619,0.6264927893570014
2620,0.6265154163995088
2621,0.6265342325716992
2622,0.6265623377402872
2623,0.6265766285039762
2624,0.6266180717186739
2625,0.6266630876242939
2626,0.6268360058649294
2627,0.6268569656516731
2628,0.627308315604847
2629,0.6289145974434777
2630,0.6299925973844092
2631,0.7315575312800999
2632,0.7317954724955198
2633,0.7322153827685782
2634,0.7328175002786699
2635,0.7331611931453875
2636,0.7331714348593646
2637,0.7332028745394802
2638,0.7332200234559068
2639,0.7332416977808349
2640,0.7332838555337171
2641,0.7332914772743512
2642,0.7333060062174349
2643,0.7338411953175836
2644,0.733856200619457
2645,0.7338697768449615
2646,0.7339064564717629
2647,0.7339278926172962
2648,0.7339424215603799
2649,0.7339536159919362
2650,0.7339657631410718
2651,0.7339738612404955
2652,0.7340000609739251
2653,0.7340088736115332
2654,0.7340133990200347
2655,0.734183935466722
2656,0.7341958444364628
2657,0.7342265695783939
2658,0.7342520547736391
2659,0.7342720618428035
2660,0.7343173159278183
2661,0.7343616172952538
2662,0.7346121820185989
2663,0.7346550543096656
2664,0.73466219969151
2665,0.7346848267340175
2666,0.7346924484746515
2667,0.735294804164138
2668,0.7353036168017462
2669,0.7353150494126972
2670,0.7353588744213432
2671,0.735374594261401
2672,0.7353893613838794
2673,0.7355618032657253
2674,0.7356249208053512
2675,0.7356451660539105
2676,0.7356575513824408
2677,0.7356687458139971
2678,0.7356789875279741
2679,0.7356937546504527
2680,0.7357054254407986
2681,0.735715190795986
2682,0.7357309106360438
2683,0.7357432959645741
2684,0.7357580630870527
2685,0.7357702102361882
2686,0.735788550049589
2687,0.7359040670560741
2688,0.7359176432815785
2689,0.7359321722246622
2690,0.7359433666562185
2691,0.7359676609544896
2692,0.73598647712668
2693,0.7360155350128474
2694,0.7360219658565074
2695,0.7360424492844615
2696,0.7360534055366229
2697,0.7360688871972859
2698,0.736084130678554
2699,0.7360972305452689
2700,0.7362415672585266
2701,0.736252523510688
2702,0.7362668142743769
2703,0.736279675961697
2704,0.736296348519334
2705,0.7363111156418125
2706,0.7363125447181814
2707,0.7363332663255303
2708,0.7363754240784125
2709,0.736379949486914
2710,0.736389000303917
2711,0.7364047201439747
2712,0.7364173436518998
2713,0.7376418239206425
2714,0.7376544474285677
2715,0.7376692145510462
2716,0.7376846962117091
2717,0.7376987487960032
2718,0.7377094668687698
2719,0.7378278420279928
2720,0.7379562207217979
2721,0.7379695587679075
2722,0.7379826586346223
2723,0.7380081438298675
2724,0.7380300563341905
2725,0.7380462525330379
2726,0.7380564942470149
2727,0.7380881721065252
2728,0.7384759281612836
2729,0.7386431300964436
2730,0.7386548008867895
2731,0.7386683771122939
2732,0.7386829060553777
2733,0.7386974349984614
2734,0.7387138693767036
2735,0.7387267310640235
2736,0.738756979847165
2737,0.7387777014545139
2738,0.738813666543131
2739,0.7388563006548028
2740,0.7389863466043717
2741,0.7389984937535072
2742,0.739011593620222
2743,0.7390246934869368
2744,0.7390406515063894
2745,0.7390578004228161
2746,0.7390606585755538
2747,0.739063040369502
2748,0.7390656603428449
2749,0.7390685184955827
2750,0.7390861437707991
2751,0.7390994818169087
2752,0.7391206797830472
2753,0.7391309214970242
2754,0.7391452122607131
2755,0.7391604557419812
2756,0.7391997553421257
2757,0.7394460328363641
2758,0.739671112364464
2759,0.7396844504105736
2760,0.7396975502772885
2761,0.7397125555791618
2762,0.7397292281367989
2763,0.7397406607477499
2764,0.7397537606144647
2765,0.7397594769199403
2766,0.7397756731187877
2767,0.7397897257030818
2768,0.7398018728522173
2769,0.7398166399746958
2770,0.7398297398414106
2771,0.7398466505784425
2772,0.7398595122657625
2773,0.7398738030294514
2774,0.7398749939264254
2775,0.7398876174343506
2776,0.739888331972535
2777,0.7403646907621645
2778,0.740366596197323
2779,0.7403742179379571
2780,0.740384697831329
2781,0.7404027994653349
2782,0.7404170902290238
2783,0.7404280464811852
2784,0.7404449572182171
2785,0.7404590098025112
2786,0.7404756823601482
2787,0.7404852095359408
2788,0.7404987857614452
2789,0.7405140292427134
2790,0.7405266527506386
2791,0.7405309399797452
2792,0.7405321308767193
2793,0.7405457071022238
2794,0.7405616651216763
2795,0.7405742886296015
2796,0.7407519704581333
2797,0.740760068557557
2798,0.7407705484509288
2799,0.740808895333494
2800,0.7408160407153385
2801,0.7408274733262896
2802,0.7408343805287392
2803,0.7408529585215348
2804,0.7408612948003532
2805,0.740877014640411
2806,0.7408886854307569
2807,0.7409013089386821
2808,0.7409167905993451
2809,0.7411594954026614
2810,0.7411699752960331
2811,0.7411859333154858
2812,0.7412007004379643
2813,0.7412097512549672
2814,0.7412168966368117
2815,0.7412328546562642
2816,0.7412457163435843
2817,0.7419512037110255
2818,0.7420726752023811
2819,0.7420745806375395
2820,0.742085536889701
2821,0.7420998276533899
2822,0.742113880237684
2823,0.7421284091807677
2824,0.742143414482641
2825,0.7421577052463298
2826,0.7421698523954654
2827,0.7421855722355232
2828,0.7421991484610276
2829,0.742214153762901
2830,0.7422272536296158
2831,0.7424425678025284
2832,0.7424561440280327
2833,0.7424716256886957
2834,0.742486630990569
2835,0.7425452231216935
2836,0.7425499867095897
2837,0.7425609429617512
2838,0.7425769009812039
2839,0.7425859517982067
2840,0.7425930971800513
2841,0.7426097697376882
2842,0.7426302531656424
2843,0.7428005514329349
2844,0.7428143658378341
2845,0.7428298474984971
2846,0.7428431855446067
2847,0.7428636689725607
2848,0.7428762924804859
2849,0.7428886778090164
2850,0.7429029685727052
2851,0.7429208320273163
2852,0.7429320264588726
2853,0.7431497224257333
2854,0.7431582968839466
2855,0.7431747312621888
2856,0.7431864020525347
2857,0.7432004546368288
2858,0.7432171271944659
2859,0.7432292743436014
2860,0.7432461850806332
2861,0.7432599994855325
2862,0.7432735757110369
2863,0.7432897719098843
2864,0.7433154952845243
2865,0.7434433976195398
2866,0.7434576883832288
2867,0.743481744502105
2868,0.7434927007542665
2869,0.7435038951858228
2870,0.7435189004876961
2871,0.7435308094574369
2872,0.7435458147593101
2873,0.7435601055229991
2874,0.7435746344660827
2875,0.7435882106915872
2876,0.7436022632758813
2877,0.7436175067571494
2878,0.7436277484711264
2879,0.7436472791815013
2880,0.743659188151242
2881,0.7437858995892834
2882,0.7438013812499464
2883,0.7438213883191108
2884,0.7438318682124827
2885,0.7438463971555664
2886,0.743858544304702
2887,0.7438742641447598
2888,0.7438883167290538
2889,0.7439033220309271
2890,0.7439171364358264
2891,0.7439371435049908
2892,0.7439492906541264
2893,0.7439611996238671
2894,0.7439738231317923
2895,0.7439928774833775
2896,0.7440045482737234
2897,0.7441372141966351
2898,0.7441529340366929
2899,0.7441746083616211
2900,0.7441898518428892
2901,0.7442065244005263
2902,0.7442070007593159
2903,0.7442139079617656
2904,0.744218433370267
2905,0.744232485954561
2906,0.7442465385388551
2907,0.7442589238673856
2908,0.7442746437074433
2909,0.7442879817535529
2910,0.7443008434408729
2911,0.7443175159985099
2912,0.7443327594797781
2913,0.7443465738846774
2914,0.7446159547802128
2915,0.7446295310057173
2916,0.7462374801001116
2917,0.7462448636613508
2918,0.7462739215475183
2919,0.7468846135158232
2920,0.7469417765705787
2921,0.7469584491282157
2922,0.7473016656361439
2923,0.7473485869769223
2924,0.7473947937795163
2925,0.7476513129877319
2926,0.7486521428047433
2927,0.7486728644120922
2928,0.7487188330352915
2929,0.7487424127953782
2930,0.7487609907881737
2931,0.7487617053263582
2932,0.7489320035936508
2933,0.748943198025207
2934,0.7489655868883196
2935,0.7489794012932188
2936,0.7489915484423544
2937,0.7490058392060432
2938,0.7490198917903373
2939,0.7492802218688699
2940,0.7492918926592158
2941,0.7493111851901958
2942,0.7493154724193024
2943,0.7493228559805417
2944,0.7493297631829913
2945,0.7493376231030202
2946,0.7493485793551817
2947,0.7493569156340002
2948,0.7493628701188706
2949,0.7493714445770839
2950,0.7493764463443751
2951,0.7493885934935106
2952,0.7493959770547498
2953,0.7494026460778046
2954,0.7496560689538875
2955,0.7497341917953868
2956,0.7497463389445223
2957,0.7497622969639749
2958,0.7497734913955312
2959,0.7497901639531682
2960,0.7500147671224785
2961,0.7500335832946688
2962,0.7500473976995682
2963,0.7501007498840067
2964,0.7510351276498649
2965,0.7510463220814212
2966,0.7510646618948219
2967,0.751072283635456
2968,0.7510920525252256
2969,0.7511034851361766
2970,0.7511199195144189
2971,0.7511344484575027
2972,0.7511492155799812
2973,0.7511608863703271
2974,0.7513376154812795
2975,0.7513516680655736
2976,0.7513647679322885
2977,0.7513788205165826
2978,0.7513935876390611
2979,0.7514066875057759
2980,0.7514076402233552
2981,0.7514226455252284
2982,0.7514357453919432
2983,0.7514500361556321
2984,0.7514645650987158
2985,0.7514783795036151
2986,0.7514919557291195
2987,0.7514995774697536
2988,0.7515048174164395
2989,0.7515210136152869
2990,0.7516767829394958
2991,0.7516882155504468
2992,0.7517139389250869
2993,0.7517244188184588
2994,0.7517325169178825
2995,0.7517479985785454
2996,0.7517618129834446
2997,0.751774198311975
2998,0.751792299945981
2999,0.7518053998126957
3000,0.7518196905763846
3001,0.7518344576988631
3002,0.7518480339243676
3003,0.7518554174856068
3004,0.7518651828407942
3005,0.7520183321916601
3006,0.7523620250583778
3007,0.7523753631044874
3008,0.7524480078199058
3009,0.7524625367629896
3010,0.75247492209152
3011,0.7524920710079466
3012,0.7530475053566545
3013,0.7530613197615539
3014,0.7530860904186146
3015,0.7530951412356175
3016,0.7531106228962805
3017,0.7531234845836005
3018,0.7531342026563671
3019,0.7531461116261079
3020,0.7538635079632899
3021,0.7538847059294284
3022,0.7539066184337514
3023,0.7541216944272691
3024,0.7541359851909579
3025,0.7541412251376439
3026,0.7541509904928313
3027,0.7541598031304394
3028,0.754169330306232
3029,0.7541767138674713
3030,0.7541914809899498
3031,0.7541983881923994
3032,0.7542107735209298
3033,0.7542176807233794
3034,0.7542329242046475
3035,0.7542441186362039
3036,0.7542557894265498
3037,0.7542596002968668
3038,0.7544220386441305
3039,0.7544377584841883
3040,0.7544537165036408
3041,0.7544706272406727
3042,0.7544815834928341
3043,0.7544934924625749
3044,0.7545099268408171
3045,0.7545154049668978
3046,0.7545196921960045
3047,0.7545358883948519
3048,0.7545468446470134
3049,0.7545625644870712
3050,0.75457685525076
3051,0.7545930514496074
3052,0.7547652551520585
3053,0.754778831377563
3054,0.7547945512176207
3055,0.7548117001340474
3056,0.7561321666989003
3057,0.7561374066455862
3058,0.7561516974092751
3059,0.7561678936081225
3060,0.7561798025778632
3061,0.7561879006772869
3062,0.7562081459258462
3063,0.7562221985101403
3064,0.7562367274532239
3065,0.7562510182169129
3066,0.7562657853393914
3067,0.7562812670000543
3068,0.7562941286873743
3069,0.7575119399330621
3070,0.7575138453682205
3071,0.7575152744445894
3072,0.7575231343646184
3073,0.7575305179258576
3074,0.7575317088228317
3075,0.7575924445685095
3076,0.7575933972860887
3077,0.7576793800476168
3078,0.7578553946203849
3079,0.7578723053574168
3080,0.7578732580749961
3081,0.7578958851175034
3082,0.7579101758811924
3083,0.7579380428703857
3084,0.7579668625771582
3085,0.7579802006232679
3086,0.8581786993309064
3087,0.8583499503157782
3088,0.8583511412127524
3089,0.8584790435477678
3090,0.8585183431479123
3091,0.8585566900304774
3092,0.858689594132784
3093,0.8587343718590092
3094,0.8587353245765885
3095,0.8587508062372514
3096,0.8587767677912862
3097,0.8589001447178003
3098,0.8591206988373987
3099,0.8591635711284654
3100,0.8592004889346617
3101,0.8592443139433076
3102,0.8594146122106001
3103,0.8594424791997934
3104,0.85976187776824
3105,0.8607519895124849
3106,0.8607910509332345
3107,0.8608093907466352
3108,0.8608351141212752
3109,0.8608810827444745
3110,0.8618402311673934
3111,0.861911446806443
3112,0.8619502700477979
3113,0.8621820185989526
3114,0.8622079801529874
3115,0.8622448979591837
3116,0.8622858648150918
3117,0.8628077158691309
3118,0.8628451100341168
3119,0.8628682134354139
3120,0.8628920313748953
3121,0.8629765850600546
3122,0.8635591718597714
3123,0.8638356981371513
3124,0.8639169173107831
3125,0.8639605041400342
3126,0.8662989494383253
3127,0.8663606379015824
3128,0.8664606732474046
3129,0.8667038544095104
3130,0.8669234558115296
3131,0.8669682335377548
3132,0.8670087240348733
3133,0.8670518345053347
3134,0.8670889904909258
3135,0.8672645287049043
3136,0.8673040664844436
3137,0.867331695294242
3138,0.8673495587488531
3139,0.8673943364750784
3140,0.8674431632510153
3141,0.8674762701868947
3142,0.8676958715889138
3143,0.8676968243064931
3144,0.8687224247805653
3145,0.8691070845031911
3146,0.8693874216508881
3147,0.8694105250521851
3148,0.8694236249188999
3149,0.8694579227517533
3150,0.8694946023785547
3151,0.8700081171537752
3152,0.8700216933792797
3153,0.8700476549333145
3154,0.8700619456970035
3155,0.8700686147200583
3156,0.8700805236897989
3157,0.870093385377119
3158,0.8703939677733752
3159,0.8704156420983034
3160,0.8704387454996003
3161,0.8704501781105515
3162,0.870462325259687
3163,0.8704761396645863
3164,0.8704923358634337
3165,0.8705044830125692
3166,0.8705197264938374
3167,0.8706981228605536
3168,0.8707086027539255
3169,0.8707240844145884
3170,0.8707381369988825
3171,0.8707610022207847
3172,0.8707769602402373
3173,0.8707998254621395
3174,0.8708060181264047
3175,0.8708665156926876
3176,0.8720659871249746
3177,0.8720781342741102
3178,0.8721000467784331
3179,0.8721086212366465
3180,0.8721257701530731
3181,0.8721352973288657
3182,0.8721517317071079
3183,0.8721622116004798
3184,0.8721810277726701
3185,0.8721965094333332
3186,0.8723899111019227
3187,0.8723999146365049
3188,0.872407536377139
3189,0.8724223034996175
3190,0.8724392142366494
3191,0.8724504086682057
3192,0.8724770847604248
3193,0.8724935191386671
3194,0.8725042372114338
3195,0.8725297224066789
3196,0.872543774990973
3197,0.872563067521953
3198,0.872582360052933
3199,0.872588790896593
3200,0.8726238032676308
3201,0.8727517056026463
3202,0.8727657581869404
3203,0.8727821925651825
3204,0.8727950542525026
3205,0.8728079159398225
3206,0.8728198249095633
3207,0.8728388792611484
3208,0.8728488827957307
3209,0.8728696044030796
3210,0.8728817515522151
3211,0.8731375562222461
3212,0.8731504179095662
3213,0.873163517776281
3214,0.8731799521545232
3215,0.873193052021238
3216,0.873212344552218
3217,0.8732194899340624
3218,0.8732709366833424
3219,0.8732787966033713
3220,0.8734379004391075
3221,0.8734500475882431
3222,0.8734802963713846
3223,0.873504114310866
3224,0.873568422747466
3225,0.8736067696300311
3226,0.8762455591451837
3227,0.8762689007258755
3228,0.876312011196337
3229,0.8766523695515273
3230,0.8768681600832294
3231,0.8768812599499443
3232,0.876909841477322
3233,0.8769231795234316
3234,0.8769372321077257
3235,0.876953666485968
3236,0.8769550955623368
3237,0.876965099096919
3238,0.8769812952957664
3239,0.8769977296740086
3240,0.8770091622849597
3241,0.8772104238735782
3242,0.877223523740293
3243,0.8772409108361144
3244,0.8772532961646449
3245,0.8772649669549908
3246,0.8772797340774693
3247,0.8772956920969218
3248,0.8773087919636366
3249,0.877324988162484
3250,0.8773409461819367
3251,0.8773516642547033
3252,0.8775562603548492
3253,0.8775981799283366
3254,0.8776231887647922
3255,0.8776360504521121
3256,0.8793368895104842
3257,0.8793507039153834
3258,0.8799552032194232
3259,0.8799968846135158
3260,0.8800257043202884
3261,0.8800409478015565
3262,0.8800933472684158
3263,0.8804701470710127
3264,0.9816013562887458
3265,0.9816435140416281
3266,0.9816868626914843
3267,0.9818588282145405
3268,0.9818802643600739
3269,0.9818950314825524
3270,0.9819490982051754
3271,0.981962436251285
3272,0.9821660796338516
3273,0.9821741777332753
3274,0.9826300530949507
3275,0.9826724490272277
3276,0.983019238226078
3277,0.983060443261381
3278,0.9831938237224772
3279,0.9832040654364542
3280,0.9832266924789617
3281,0.9832338378608061
3282,0.9832526540329964
3283,0.9832640866439475
3284,0.9832752810755038
3285,0.9832862373276653
3286,0.9833024335265127
3287,0.9833162479314119
3288,0.983330300515706
3289,0.9833455439969742
3290,0.9833579293255046
3291,0.9833877017498563
3292,0.9834050888456779
3293,0.9835379929479845
3294,0.9835484728413564
3295,0.9835627636050452
3296,0.9835799125214719
3297,0.9835906305942386
3298,0.9835970614378985
3299,0.9836082558694548
3300,0.9836244520683022
3301,0.9840031573060577
3302,0.9840429332649917
3303,0.9843913897196057
3304,0.984429498422776
3305,0.9855951483809994
3306,0.9856051519155816
3307,0.9856203953968498
3308,0.9856320661871957
3309,0.985653502332729
3310,0.9856749384782624
3311,0.9857173344105393
3312,0.9857654466482919
3313,0.9859962424818675
3314,0.9860169640892162
3315,0.9860605509184673
3316,0.986073888964577
3317,0.986103423209534
3318,0.9863608951353288
3319,0.9868317757988775
3320,0.9869699198478701
3321,0.9870966312859115
3322,0.9871356927066611
3323,0.9883313532686311
3324,0.98837779825062
3325,0.9883987580373637
3326,0.9884204323622918
3327,0.9884349613053756
3328,0.9884630664739636
3329,0.988511416891111
3330,0.9886833824141673
3331,0.9886943386663287
3332,0.9887093439682021
3333,0.9887233965524962
3334,0.9887388782131591
3335,0.9887669833817473
3336,0.9888096174934191
3337,0.9888460589408258
3338,0.9888884548731027
3339,0.9899190571144661
3340,0.9900512466785883
3341,0.9900922135344965
3342,0.9901131733212402
3343,0.9901381821576957
3344,0.9902215449458809
3345,0.9902682281072646
3346,0.990439955450926
3347,0.9904544843940097
3348,0.9910842307138998
3349,0.9911649735287421
3350,0.9912514326490598
3351,0.9914219690957472
3352,0.9914624595928657
3353,0.9914843720971886
3354,0.9922336844732758
3355,0.9923218108493572
3356,0.9925125925446039
3357,0.9925385540986387
3358,0.9926233459631927
3359,0.9927974551008023
3360,0.992808173173569
3361,0.9928262748075749
3362,0.9928348492657882
3363,0.9928539036173734
3364,0.9928767688392756
3365,0.9928912977823593
3366,0.9929220229242904
3367,0.9929479844783252
3368,0.9929629897801985
3369,0.9930051475330808
3370,0.9932004546368288
3371,0.993232370675734
3372,0.9975955790093453
3373,0.9983525131260664
3374,0.9983668038897553
3375,0.998408485283848
3376,0.9987950504416322
3377,0.9990920601469662
3378,0.9991394578465344
3379,0.9993099942932216
3380,0.999350722969735
3381,0.9994359911930787
3382,0.9994805307399091
3383,0.9996570216714668
3384,0.9996970358097956
3385,0.9997799222391912
3386,0.9998370852939468
3387,1.0
