dh	4	10	2018	CB3 BAS	52.2126	0.0805	103	Dobson73_5v6_BAS20181002.xml	
inst	O3DRNt_2012.051f	1.520	4.340	-1.590
#res(ds,um,sl,hg)	Dmode	s(day)	wlgth Q1	Q2	HV	Rdial	Std(Rdial)	Lux	Std(Lux)	dlaP	dlaQ	Phi	Nmeas	tacc(s)	Std(dlsP)	Skew(dlaP)	Kurtosis	Min(dlaP)	Max(dlaP)	Mes(FFT)	T	Hyg	Rdial0	dlaP0	Rdial1	dlaP1	Rdial2	dlaP2
#acq	s(day)	P I(s)	D(s)	TC(s)	order	dt0(s)	dt1(s)	dt2(s)	dt4(s)	tacc(s)	Nmeas	tacc(s)	Mloop(ms)	dlaFsple(S/s)	Sples/b
#sum(ds, um, sl)	s	day	month	year	Dmode	tC	RdC	NC	MuC	XC	tD	RdD	ND	MuD	XD	tA	RdA	NA	MuA	XA	XAC	XAD	XCD
#sum(hg)	s	day	month	year	Dmode	fixQ1	startVarQi	stopVarQiNsteps
log	36799	Dmode	No selection
log	36800	Gmode	auto Umkehr
log	36809	Dmode	Umkehr
acq	36813	25.000	3.000	0.000	0.200	1.0000	20	20.000	3.000	4.000	20.000	200	41666.67	12500
um	36848	C	76.9772	76.6263	449.7	48.22	6.495E-7	NaN	NaN	-1.1708	0.1802	7.00	70	20.0	0.0126	-0.1565	1.8156	1.1624	1.2099	5.730E-3	17.74	48.52	100.07	1.750E+0	95.15	1.589E+0	90.40	1.424E+0
um	36895	D	108.0915	107.8285	400.4	27.39	1.043E-2	NaN	NaN	-0.6209	0.1000	7.00	71	20.3	0.0061	-0.1054	2.0246	0.6182	0.6434	3.524E-3	17.70	48.98	70.01	1.259E+0	66.50	1.165E+0	63.25	1.058E+0
um	36954	A	49.2052	49.1192	423.8	96.91	3.412E-6	NaN	NaN	-0.2536	0.0425	7.00	71	20.2	0.0035	0.6412	2.3244	0.2487	0.2622	1.669E-3	17.62	49.84	160.10	2.512E-1	152.19	2.216E-1	144.54	1.893E-1
um	37003	C	76.9784	76.6300	426.1	61.05	1.043E-2	NaN	NaN	-0.0961	0.0066	7.00	71	20.2	0.0031	-0.3378	2.7993	0.0892	0.1046	3.307E-3	17.55	50.39	48.22	-7.830E-1	50.59	-6.285E-1	53.14	-4.808E-1
um	37051	D	108.0024	107.8272	398.6	37.76	1.043E-2	NaN	NaN	-0.0335	0.0030	7.00	71	20.2	0.0050	0.0830	2.0332	0.0241	0.0443	3.011E-3	17.46	50.93	27.39	-5.773E-1	28.79	-4.983E-1	30.20	-4.212E-1
um	37098	A	49.1210	49.1180	421.0	115.36	1.043E-2	NaN	NaN	-0.0180	0.0019	7.00	71	20.2	0.0014	0.6009	3.5189	0.0145	0.0209	1.268E-3	17.38	51.25	97.00	-2.409E-1	101.92	-1.749E-1	107.01	-1.099E-1
um	37146	C	76.8905	76.6213	425.1	63.86	2.413E-6	NaN	NaN	0.0141	-0.0104	7.00	71	20.2	0.0040	0.3713	2.6529	0.0091	0.0258	3.183E-3	17.33	51.58	61.14	-1.181E-1	64.30	2.523E-2	61.14	-1.147E-1
um	37194	D	108.0036	107.8285	397.5	37.76	1.117E-6	NaN	NaN	0.0030	-0.0041	7.00	71	20.2	0.0024	0.0841	2.7491	0.0011	0.0114	2.693E-3	17.22	52.02	37.76	-3.083E-3	39.69	8.717E-2	37.67	-4.680E-3
acq	37238	25.000	3.000	0.000	0.200	1.0000	20	20.000	3.000	4.000	20.000	200	41666.67	11965
um	37241	A	49.1173	49.1180	418.4	116.68	5.767E-6	NaN	NaN	0.0012	-0.0012	7.00	71	20.1	0.0013	-0.1832	2.6206	0.0003	0.0057	1.192E-3	17.12	52.58	115.36	-1.006E-2	121.17	3.504E-2	115.19	-1.138E-2
um	37290	C	76.8905	76.6288	423.6	62.89	2.884E-6	NaN	NaN	0.0137	-0.0114	7.00	71	20.1	0.0041	-0.2115	2.8603	0.0098	0.0252	3.366E-3	17.02	53.25	63.95	4.244E-2	60.87	-8.742E-2	64.04	6.034E-2
um	37337	D	108.0011	107.8285	396.0	36.79	1.368E-6	NaN	NaN	0.0230	-0.0074	7.00	71	20.1	0.0112	-0.0070	1.7431	0.0056	0.0442	2.855E-3	16.92	53.90	37.76	4.579E-2	35.91	-4.632E-2	37.67	4.736E-2
um	37385	A	49.1173	49.1180	415.5	115.28	6.049E-6	NaN	NaN	0.0032	-0.0021	7.00	71	20.0	0.0011	0.1597	2.8636	0.0018	0.0065	1.179E-3	16.83	54.57	116.68	1.411E-2	111.06	-3.826E-2	116.59	1.256E-2
um	37434	C	76.8918	76.6263	422.0	61.22	2.884E-6	NaN	NaN	0.0085	-0.0105	7.00	71	20.0	0.0032	0.0830	2.3527	0.0084	0.0199	3.248E-3	16.71	55.11	62.98	7.885E-2	59.91	-5.113E-2	62.98	8.222E-2
um	37482	D	107.9157	107.8285	394.2	35.65	1.934E-6	NaN	NaN	0.0101	-0.0051	7.00	71	20.0	0.0028	-0.0708	2.8199	0.0048	0.0186	2.934E-3	16.60	55.78	36.79	5.794E-2	34.95	-3.652E-2	36.70	5.679E-2
um	37529	A	49.0294	49.1180	412.8	114.66	4.467E-6	NaN	NaN	-0.0009	-0.0012	7.00	71	20.0	0.0014	0.3104	2.9659	0.0006	0.0044	1.178E-3	16.49	56.22	115.28	6.245E-3	109.48	-4.746E-2	115.01	4.392E-3
um	37578	C	76.8026	76.6288	420.6	61.75	2.579E-6	NaN	NaN	-0.0083	-0.0093	7.00	71	20.0	0.0072	-0.0412	2.0250	0.0061	0.0266	3.433E-3	16.38	56.64	61.31	-1.691E-2	64.48	1.488E-1	61.31	-1.953E-2
um	37625	D	107.9157	107.8223	393.1	37.14	1.486E-2	NaN	NaN	0.0170	-0.0059	7.00	71	20.0	0.0069	-0.3052	1.8851	0.0035	0.0293	2.928E-3	16.28	57.05	35.65	-8.785E-2	37.41	1.328E-2	35.56	-9.413E-2
um	37673	A	49.0294	49.1180	410.4	114.84	1.043E-2	NaN	NaN	-0.0001	-0.0013	7.00	71	20.0	0.0012	-0.5489	2.7119	0.0001	0.0038	1.145E-3	16.20	57.27	114.75	2.290E-4	109.04	-5.444E-2	114.57	-1.762E-3
um	37721	C	76.8026	76.6238	419.9	61.93	2.579E-6	NaN	NaN	0.0071	-0.0113	7.00	71	20.0	0.0030	0.0399	2.9194	0.0053	0.0218	3.576E-3	16.11	57.47	61.84	-2.501E-3	64.92	1.643E-1	61.75	-2.239E-3
um	37769	D	107.8278	107.8272	392.7	36.61	4.559E-7	NaN	NaN	-0.0064	-0.0015	7.00	71	20.0	0.0030	-0.2956	3.0654	0.0015	0.0140	3.112E-3	16.03	57.64	37.14	2.589E-2	35.30	-6.972E-2	37.05	2.327E-2
um	37835	A	55.0158	55.0957	408.8	50.49	3.297E+0	NaN	NaN	-1.5053	0.2538	7.00	71	20.0	0.1056	7.2532	58.2915	0.6903	1.5758	3.237E-3	15.92	57.84	114.92	1.849E-4	109.21	-5.871E-2	114.75	-1.449E-3
um	37884	C	76.7148	76.6275	419.4	62.72	1.290E-6	NaN	NaN	0.0010	-0.0111	7.00	71	20.0	0.0035	-0.3182	2.7238	0.0051	0.0211	3.751E-3	15.87	58.04	62.02	-3.336E-2	65.09	1.354E-1	61.93	-4.136E-2
um	37931	D	107.8278	107.8285	392.1	37.49	2.075E-6	NaN	NaN	0.0187	-0.0076	7.00	72	20.3	0.0030	-0.3417	2.9383	0.0134	0.0262	3.320E-3	15.81	58.30	36.61	-6.612E-2	38.46	6.600E-2	36.53	-5.762E-2
um	37979	A	49.0294	49.1180	406.8	80.38	1.036E-2	NaN	NaN	-0.5096	0.0889	7.00	72	20.3	0.0038	-0.6328	2.3546	0.5116	0.5266	1.704E-3	15.75	58.55	50.50	-1.436E+0	53.05	-1.311E+0	55.69	-1.187E+0
um	38028	C	76.7160	76.6251	418.8	62.72	9.054E-7	NaN	NaN	0.0353	-0.0190	7.00	72	20.3	0.0200	0.4524	2.0502	0.0104	0.0806	3.966E-3	15.70	58.89	62.81	1.138E-2	59.73	-1.761E-1	62.81	1.045E-2
um	38091	D	107.8303	107.8285	391.1	36.26	1.867E-6	NaN	NaN	-0.1032	0.0141	7.00	72	20.3	0.0140	1.9272	7.7561	0.0428	0.1186	3.589E-3	15.59	59.44	37.49	1.133E-1	35.65	-4.555E-2	37.41	7.445E-2
um	38138	A	48.9427	49.1180	404.7	107.98	4.791E-6	NaN	NaN	-0.0920	0.0143	7.00	72	20.3	0.0030	1.2163	4.1935	0.0832	0.0978	1.517E-3	15.54	59.61	80.47	-5.774E-1	84.51	-4.900E-1	88.73	-4.039E-1
um	38187	C	76.7148	76.6275	418.0	61.75	2.561E-6	NaN	NaN	0.1066	-0.0349	7.00	72	20.3	0.0312	-0.4799	1.8064	0.0545	0.1519	5.002E-3	15.49	59.82	62.81	7.823E-2	59.73	-1.527E-1	62.81	1.038E-1
um	38235	D	107.7338	107.8285	371.5	37.14	1.036E-2	NaN	NaN	-0.0162	0.0004	7.00	72	20.2	0.0017	0.7620	4.6266	0.0102	0.0198	2.630E-3	15.53	59.91	36.26	-3.644E-2	38.11	5.045E-2	36.18	-6.611E-2
um	38283	A	48.9415	49.1180	383.1	114.57	4.959E-6	NaN	NaN	-0.0006	-0.0012	7.00	72	20.2	0.0011	-0.3092	3.4477	0.0002	0.0039	8.197E-4	15.41	60.36	107.98	-5.698E-2	113.43	-7.776E-3	119.14	3.958E-2
um	38331	C	76.6269	76.6275	417.2	63.25	3.733E-6	NaN	NaN	0.0430	-0.0196	7.00	72	20.3	0.0125	-0.3378	1.9613	0.0235	0.0661	4.388E-3	15.36	60.86	61.84	-9.148E-2	64.92	1.202E-1	61.75	-9.545E-2
um	38380	D	107.7387	107.8285	389.7	37.32	1.036E-2	NaN	NaN	-0.0027	-0.0026	7.00	72	20.3	0.0034	-0.1449	2.5418	0.0004	0.0131	3.281E-3	15.31	61.25	37.14	-1.866E-2	38.99	1.239E-1	37.05	-1.677E-2
um	38428	A	48.9440	49.1180	401.1	129.25	8.871E-6	NaN	NaN	-0.0013	-0.0011	7.00	72	20.3	0.0012	-0.5135	2.3075	0.0003	0.0043	9.748E-4	15.27	61.41	114.66	-1.191E-1	120.37	-7.161E-2	126.44	-2.226E-2
um	38476	C	76.6281	76.6275	438.4	73.18	2.561E-6	NaN	NaN	0.0063	-0.0181	7.00	72	20.3	0.0123	-0.6875	3.0086	0.0088	0.0370	5.496E-3	15.23	61.59	63.33	-9.301E-1	66.50	-6.187E-1	69.84	-3.184E-1
um	38524	D	107.7387	107.8285	389.3	44.88	1.454E-2	NaN	NaN	-0.0114	-0.0031	7.00	72	20.3	0.0045	-0.0492	2.6630	0.0064	0.0236	3.675E-3	15.19	61.84	37.32	-5.997E-1	39.16	-4.526E-1	41.10	-3.013E-1
um	38571	A	48.9415	49.1180	399.6	113.61	1.280E-6	NaN	NaN	-0.0026	-0.0017	7.00	72	20.3	0.0012	0.2201	3.0637	0.0005	0.0057	1.313E-3	15.16	62.07	129.34	1.851E-1	122.84	1.140E-1	116.68	3.588E-2
um	38620	C	76.6293	76.6263	416.1	61.58	2.561E-6	NaN	NaN	-0.0254	-0.0082	7.00	72	20.3	0.0062	0.5558	3.8651	0.0107	0.0394	4.296E-3	15.12	62.24	73.18	7.205E-1	69.49	5.075E-1	65.97	2.710E-1
um	38667	D	107.7363	107.8273	388.7	36.44	1.568E-6	NaN	NaN	-0.0403	0.0041	7.00	72	20.2	0.0045	0.3087	2.7535	0.0300	0.0496	4.056E-3	15.09	62.43	44.88	5.008E-1	42.59	3.645E-1	40.48	2.396E-1
um	38719	A	48.9403	49.1180	398.1	127.76	6.776E-6	NaN	NaN	-0.0028	-0.0011	7.00	72	20.2	0.0043	0.3299	1.4808	0.0008	0.0081	1.098E-3	15.06	62.74	113.69	-1.351E-1	119.41	-7.662E-2	125.38	-2.292E-2
um	38768	C	76.6281	76.6275	415.6	72.21	2.561E-6	NaN	NaN	-0.0156	-0.0073	7.00	72	20.2	0.0049	0.3111	2.2193	0.0065	0.0256	3.418E-3	15.03	62.86	61.66	-6.412E-1	64.74	-4.425E-1	67.99	-2.586E-1
um	38816	D	107.7399	107.8285	388.5	43.65	1.036E-2	NaN	NaN	-0.0393	0.0031	7.00	72	20.2	0.0034	0.0874	3.6241	0.0294	0.0474	3.487E-3	15.01	62.90	36.44	-5.321E-1	38.28	-3.911E-1	40.22	-2.550E-1
um	38863	A	48.9440	49.1180	396.8	112.73	6.402E-6	NaN	NaN	-0.0073	-0.0004	7.00	72	20.2	0.0016	0.4813	3.8605	0.0024	0.0111	1.394E-3	14.99	63.06	127.84	1.540E-1	121.43	9.155E-2	115.36	2.658E-2
um	38912	C	76.6293	76.6275	415.2	61.93	2.396E-6	NaN	NaN	-0.0214	-0.0119	7.00	72	20.2	0.0186	0.5463	1.8814	0.0066	0.0484	4.918E-3	14.96	63.32	72.21	7.203E-1	68.61	4.769E-1	65.18	2.313E-1
acq	38961	25.000	3.000	0.000	0.200	1.0000	20	20.000	3.000	4.000	20.000	200	41666.67	11858
um	38960	D	107.6520	107.8285	387.8	36.79	1.358E-6	NaN	NaN	0.1178	-0.0256	7.00	72	20.2	0.0737	-0.1905	1.4473	0.0037	0.2133	4.654E-3	14.94	63.62	43.65	6.182E-1	41.45	4.190E-1	39.34	2.308E-1
um	39008	A	48.9415	49.1180	395.2	127.41	4.436E-6	NaN	NaN	-0.0057	-0.0004	7.00	72	20.2	0.0022	-0.0151	2.0281	0.0008	0.0095	1.040E-3	14.91	63.88	112.82	-1.450E-1	118.44	-8.330E-2	124.33	-3.158E-2
um	39057	C	76.6269	76.6275	414.6	71.24	1.811E-6	NaN	NaN	-0.0380	-0.0052	7.00	72	20.2	0.0122	-0.2106	2.1137	0.0183	0.0620	4.230E-3	14.89	64.03	62.02	-6.961E-1	65.09	-4.449E-1	68.34	-2.246E-1
um	39104	D	107.6533	107.8285	387.5	42.94	2.396E-6	NaN	NaN	-0.0946	0.0118	7.00	72	20.2	0.0217	0.9829	2.6369	0.0453	0.1184	4.073E-3	14.89	64.11	36.79	-5.522E-1	38.64	-3.481E-1	40.57	-2.186E-1
um	39151	A	48.9415	49.1180	394.1	111.06	2.218E-6	NaN	NaN	-0.0106	-0.0002	7.00	72	20.2	0.0014	0.5075	3.6815	0.0066	0.0136	1.385E-3	14.87	64.15	127.49	1.861E-1	121.08	1.170E-1	115.10	4.555E-2
um	39201	C	76.5390	76.6239	414.6	59.99	1.475E-2	NaN	NaN	-0.0556	-0.0072	7.00	72	20.2	0.0079	-0.0946	2.0478	0.0404	0.0738	5.181E-3	14.85	64.17	71.24	8.576E-1	67.64	6.027E-1	64.39	3.335E-1
um	39248	D	107.6520	107.8273	368.1	34.94	1.036E-2	NaN	NaN	0.0048	-0.0043	7.00	72	20.2	0.0153	0.1128	1.7264	0.0006	0.0330	3.100E-3	14.85	64.17	42.94	4.210E-1	40.83	3.053E-1	38.81	2.047E-1
um	39296	A	48.9427	49.1180	373.5	126.88	7.466E-6	NaN	NaN	-0.0072	0.0002	7.00	72	20.2	0.0029	-0.3427	1.7980	0.0033	0.0131	7.484E-4	14.84	64.38	111.15	-1.052E-1	116.68	-6.622E-2	122.48	-2.943E-2
um	39345	C	76.5365	76.6275	414.4	70.10	1.568E-6	NaN	NaN	-0.0674	0.0009	7.00	72	20.2	0.0125	-0.3056	1.8801	0.0469	0.0914	3.981E-3	14.84	64.49	60.08	-8.439E-1	63.16	-5.545E-1	66.32	-3.224E-1
um	39392	D	107.6520	107.8285	387.2	42.15	1.036E-2	NaN	NaN	-0.0832	0.0110	7.00	72	20.2	0.0171	-0.1403	2.1354	0.0528	0.1203	3.639E-3	14.83	64.48	34.95	-5.614E-1	36.70	-3.970E-1	38.55	-2.866E-1
um	39440	A	48.8548	49.1180	392.2	111.06	1.475E-2	NaN	NaN	-0.0116	0.0000	7.00	72	20.2	0.0034	-0.2650	1.8915	0.0055	0.0181	1.922E-3	14.83	64.56	126.97	1.632E-1	120.64	1.030E-1	114.66	3.666E-2
um	39489	C	76.5341	76.6263	414.2	60.35	1.036E-2	NaN	NaN	-0.0640	-0.0048	7.00	72	20.2	0.0288	0.4460	1.8434	0.0172	0.1041	5.619E-3	14.83	64.63	70.10	7.693E-1	66.59	5.235E-1	63.33	2.301E-1
um	39537	D	107.6520	107.8273	367.7	34.42	7.841E-7	NaN	NaN	0.0030	-0.0035	7.00	72	20.2	0.0184	0.1466	2.0263	0.0012	0.0367	3.536E-3	14.84	64.65	42.15	3.485E-1	40.04	2.403E-1	38.02	1.662E-1
um	39584	A	48.8536	49.1180	371.8	112.11	4.436E-6	NaN	NaN	-0.0020	-0.0016	7.00	72	20.2	0.0022	0.1733	2.6492	0.0012	0.0076	1.326E-3	14.84	64.66	111.15	-5.780E-3	116.68	3.975E-2	110.97	-1.035E-2
um	39634	C	76.5341	76.6251	393.8	61.31	1.036E-2	NaN	NaN	0.0189	-0.0147	7.00	72	20.2	0.0143	1.1861	3.9410	0.0096	0.0630	4.321E-3	14.85	64.61	60.43	-4.335E-2	63.51	1.456E-1	60.43	-5.147E-2
um	39681	D	107.6557	107.8273	368.0	35.21	1.454E-2	NaN	NaN	0.0455	-0.0112	7.00	72	20.2	0.0362	-0.3460	1.4366	0.0001	0.0906	3.737E-3	14.87	64.53	34.42	-4.720E-2	36.18	6.818E-2	34.33	-8.048E-2
um	39728	A	48.9415	49.1180	371.4	110.44	6.006E-6	NaN	NaN	0.0079	-0.0043	7.00	72	20.2	0.0042	-1.2014	3.8465	0.0007	0.0146	1.442E-3	14.88	64.41	112.20	2.262E-2	106.58	-4.191E-2	112.02	1.638E-2
um	39777	C	76.6269	76.6239	394.0	59.64	3.388E-6	NaN	NaN	0.0297	-0.0190	7.00	72	20.2	0.0224	-0.5186	2.2227	0.0092	0.0647	4.137E-3	14.90	64.37	61.40	1.049E-1	58.32	-8.124E-2	61.31	1.376E-1
um	39825	D	107.6557	107.8273	368.3	37.76	1.358E-6	NaN	NaN	-0.0541	0.0062	7.00	72	20.2	0.0243	1.1521	4.1831	0.0056	0.0838	3.666E-3	14.93	64.29	35.21	-1.520E-1	36.97	-4.658E-2	38.81	6.302E-2
um	39873	A	48.9415	49.1180	371.0	109.12	6.896E-6	NaN	NaN	-0.0128	-0.0023	7.00	72	20.2	0.0108	-0.1009	1.3191	0.0020	0.0280	1.513E-3	14.95	64.24	110.53	1.365E-2	104.99	-4.717E-2	110.35	1.618E-2
um	39921	C	76.6269	76.6251	393.9	59.73	1.036E-2	NaN	NaN	0.2098	-0.0537	7.00	72	20.2	0.0396	-1.3106	3.6728	0.1112	0.2590	4.049E-3	14.97	64.48	59.73	6.203E-4	56.74	-2.278E-1	59.73	2.071E-2
um	39969	D	107.7375	107.8224	368.0	33.98	1.036E-2	NaN	NaN	-0.1183	0.0164	7.00	72	20.2	0.0511	0.9872	3.0743	0.0056	0.1750	3.569E-3	14.98	64.66	37.76	3.036E-1	35.91	1.161E-1	34.15	3.315E-2
um	40016	A	48.9415	49.1180	369.9	110.62	1.454E-2	NaN	NaN	0.0142	-0.0077	7.00	72	20.2	0.0042	0.4466	2.0590	0.0094	0.0247	1.554E-3	15.00	64.71	109.12	-1.260E-2	114.66	4.074E-2	108.95	-1.601E-2
um	40065	C	76.6269	76.6263	393.6	58.24	1.036E-2	NaN	NaN	0.0490	-0.0247	7.00	72	20.3	0.0510	0.5178	1.6244	0.0108	0.1438	4.019E-3	15.00	64.90	59.82	1.240E-1	56.83	-9.187E-2	59.73	7.549E-2
um	40113	D	107.7399	107.8273	367.5	33.98	7.841E-7	NaN	NaN	0.2082	-0.0444	7.00	72	20.3	0.0523	-0.4441	1.7390	0.1169	0.2790	3.810E-3	15.02	65.08	33.98	-7.925E-2	35.65	1.476E-1	33.89	1.688E-1
um	40161	A	48.9403	49.1180	368.9	106.75	1.811E-6	NaN	NaN	-0.0226	-0.0013	7.00	72	20.2	0.0083	1.2651	3.1646	0.0040	0.0299	1.574E-3	15.03	65.23	110.71	3.814E-2	105.17	-1.510E-2	110.53	3.559E-2
um	40209	C	76.6281	76.6263	393.7	58.67	1.043E-2	NaN	NaN	0.2179	-0.0544	7.00	71	20.0	0.0998	-0.9501	2.4702	0.0201	0.3142	4.104E-3	15.14	65.03	58.24	-1.903E-2	61.22	1.621E-1	58.06	-4.813E-2
um	40257	D	107.7399	107.8260	367.8	27.65	1.043E-2	NaN	NaN	-0.2590	0.0399	7.00	71	20.0	0.1440	-0.4067	1.4271	0.1166	0.5066	3.524E-3	15.12	65.01	44.96	8.782E-1	42.68	7.629E-1	40.57	6.556E-1
um	40305	A	48.9427	49.1180	368.8	105.96	4.277E-6	NaN	NaN	0.0102	-0.0068	7.00	71	20.0	0.0104	-1.9629	5.8496	0.0035	0.0223	1.458E-3	15.13	64.92	132.06	1.869E-1	125.47	1.437E-1	119.23	9.420E-2
um	40354	C	76.6281	76.6214	393.8	54.46	1.109E-6	NaN	NaN	-0.1247	0.0085	7.00	72	20.3	0.0829	-0.2123	1.4899	0.0164	0.2502	3.876E-3	15.14	64.84	58.68	2.852E-1	55.77	1.118E-1	52.96	-1.165E-1
um	40401	D	107.7399	107.8260	368.0	27.65	1.036E-2	NaN	NaN	-0.1436	0.0225	7.00	72	20.3	0.0653	0.1002	1.5468	0.0429	0.2391	3.362E-3	15.16	64.79	27.65	-9.993E-2	29.06	2.710E-3	27.56	-6.609E-2
um	40449	A	48.9415	49.1180	368.2	104.38	3.622E-6	NaN	NaN	-0.0041	-0.0009	7.00	72	20.2	0.0042	-1.2570	3.9708	0.0005	0.0171	8.757E-4	15.19	64.74	105.96	2.080E-2	100.77	-3.488E-2	105.78	9.358E-3
um	40498	C	76.6269	76.6251	414.4	54.46	1.454E-2	NaN	NaN	-0.0211	-0.0133	7.00	72	20.2	0.1021	-0.1563	1.5882	0.0152	0.1973	5.298E-3	15.19	64.80	54.46	-7.600E-2	57.18	7.604E-2	54.28	-1.665E-1
um	40545	D	107.7399	107.8224	367.9	27.65	1.921E-6	NaN	NaN	-0.5894	0.0995	7.00	72	20.2	0.0220	-0.5677	1.9137	0.5694	0.6410	3.761E-3	15.21	64.73	27.65	-1.528E-1	29.06	-1.627E-1	30.55	-1.613E-1
um	40593	A	48.9415	49.1180	368.0	107.72	1.036E-2	NaN	NaN	-0.0091	0.0002	7.00	72	20.2	0.0065	0.3598	1.7113	0.0005	0.0199	9.608E-4	15.23	64.66	104.38	-3.893E-2	109.56	2.098E-2	104.11	-4.126E-2
um	40642	C	76.6269	76.6263	414.5	59.47	4.436E-6	NaN	NaN	-0.0635	-0.0037	7.00	72	20.2	0.0288	0.0175	2.1988	0.0156	0.1193	5.174E-3	15.31	64.63	54.46	-4.720E-1	57.18	-1.696E-1	60.17	5.784E-2
um	40690	D	107.7399	107.8273	368.1	34.85	1.769E-2	NaN	NaN	-0.0802	0.0121	7.00	72	20.2	0.0225	0.8308	2.8697	0.0332	0.1156	3.276E-3	15.33	64.56	27.65	-7.256E-1	29.06	-5.529E-1	30.55	-4.385E-1
um	40738	A	48.9415	49.1180	368.0	107.72	1.036E-2	NaN	NaN	0.0333	-0.0070	7.00	72	20.2	0.0053	-0.3923	2.1828	0.0229	0.0426	8.849E-4	15.33	64.51	107.72	-3.204E-3	113.17	7.181E-2	107.54	3.626E-2
um	40786	C	76.6281	76.6239	414.5	52.17	2.561E-6	NaN	NaN	-0.1518	0.0101	7.00	72	20.2	0.1403	-1.2407	3.0650	0.0338	0.4852	5.259E-3	15.35	64.46	59.55	5.974E-1	56.57	3.680E-1	53.75	1.221E-1
um	40834	D	107.7399	107.8273	368.2	31.17	1.811E-6	NaN	NaN	-0.0380	0.0045	7.00	72	20.2	0.0369	-0.2958	2.0373	0.0027	0.1083	3.222E-3	15.36	64.38	34.86	2.245E-1	33.10	1.254E-1	31.43	1.404E-2
um	40895	A	48.9403	49.1180	368.2	107.10	1.036E-2	NaN	NaN	0.0013	-0.0018	7.00	72	20.2	0.0116	0.8685	2.3223	0.0018	0.0262	9.973E-4	15.39	64.19	107.72	7.869E-3	102.44	-5.990E-2	107.54	6.100E-3
um	40943	C	76.6269	76.6275	414.8	54.37	1.036E-2	NaN	NaN	-0.0250	-0.0117	7.00	72	20.2	0.0561	0.0633	1.9937	0.0091	0.1068	5.172E-3	15.42	64.09	52.17	-2.520E-1	54.81	5.129E-2	52.08	-2.318E-1
um	40991	D	107.7375	107.8260	368.5	27.91	9.054E-7	NaN	NaN	-0.4104	0.0682	7.00	72	20.2	0.1062	1.2418	4.0353	0.1125	0.5425	3.555E-3	15.45	63.97	31.17	1.565E-1	29.58	9.219E-2	28.09	3.374E-3
um	41039	A	48.9440	49.1180	368.5	109.65	1.036E-2	NaN	NaN	-0.0098	0.0004	7.00	72	20.2	0.0017	0.4564	2.3419	0.0061	0.0128	9.198E-4	15.48	63.84	107.10	-2.409E-2	112.55	3.023E-2	106.93	-2.976E-2
um	41087	C	76.6281	76.6263	414.8	60.43	3.137E-6	NaN	NaN	0.2649	-0.0623	7.00	72	20.2	0.0654	-1.6807	4.7893	0.0788	0.3299	5.675E-3	15.51	63.90	54.37	-6.832E-1	57.09	-3.383E-1	60.08	-4.436E-2
um	41135	D	107.7387	107.8285	368.4	29.85	2.264E-6	NaN	NaN	0.1140	-0.0218	7.00	72	20.2	0.0219	-1.4499	3.7039	0.0592	0.1345	2.904E-3	15.55	64.00	27.91	-3.352E-1	29.32	-2.337E-2	30.81	1.209E-1
um	41182	A	48.9415	49.1180	368.2	103.50	5.582E-6	NaN	NaN	-0.0195	0.0021	7.00	72	20.2	0.0118	0.2983	1.5169	0.0006	0.0341	9.879E-4	15.58	64.08	109.65	5.305E-2	104.20	9.799E-3	99.10	-3.816E-2
um	41231	C	76.7148	76.6275	414.5	56.39	2.329E-2	NaN	NaN	0.0679	-0.0285	7.00	72	20.2	0.0263	-0.5276	2.8038	0.0163	0.1154	5.207E-3	15.61	64.14	60.52	4.866E-1	57.53	1.522E-1	54.63	-2.149E-1
um	41279	D	107.8266	107.8285	368.2	29.85	2.264E-6	NaN	NaN	0.0190	-0.0056	7.00	72	20.2	0.0417	-0.7521	3.0227	0.0004	0.0861	3.111E-3	15.64	64.32	29.85	-1.407E-1	31.34	1.582E-2	29.76	-9.156E-3
um	41326	A	48.9415	49.1180	367.9	103.76	1.036E-2	NaN	NaN	0.0084	-0.0025	7.00	72	20.2	0.0019	-0.5834	2.3592	0.0046	0.0116	9.406E-4	15.68	64.50	103.59	-8.287E-3	108.77	4.499E-2	103.50	5.676E-3
um	41375	C	76.7148	76.6275	414.1	52.26	2.123E-6	NaN	NaN	0.0254	-0.0190	7.00	72	20.2	0.0045	-0.0826	2.9348	0.0193	0.0397	4.861E-3	15.71	64.64	56.39	3.291E-1	53.58	8.736E-2	50.94	-9.924E-2
um	41422	D	107.8217	107.8285	387.2	27.65	1.921E-6	NaN	NaN	-0.0089	-0.0005	7.00	72	20.2	0.0186	-1.3877	4.6444	0.0014	0.0727	4.067E-3	15.75	64.84	29.85	2.077E-1	28.35	7.337E-2	26.95	-6.871E-2
um	41470	A	48.9415	49.1180	386.8	103.85	7.244E-6	NaN	NaN	0.0102	-0.0032	7.00	72	20.2	0.0019	0.4048	2.1635	0.0072	0.0151	1.263E-3	15.79	64.92	103.85	-7.868E-3	109.04	7.256E-2	103.68	8.687E-3
um	41519	C	76.7148	76.6239	413.7	54.11	1.475E-2	NaN	NaN	-0.3902	0.0504	7.00	72	20.3	0.1284	0.2479	1.5735	0.1670	0.5648	5.517E-3	15.83	64.92	52.26	-2.402E-1	54.90	1.004E-1	52.17	-2.083E-1
um	41567	D	107.8278	107.8285	367.9	29.58	4.527E-7	NaN	NaN	0.0794	-0.0158	7.00	72	20.3	0.0173	-0.3766	1.7614	0.0493	0.1048	2.826E-3	15.87	64.76	27.65	-3.149E-1	29.06	-6.779E-3	30.55	1.155E-1
um	41615	A	49.0294	49.1180	367.6	103.41	1.769E-2	NaN	NaN	0.0038	-0.0019	7.00	72	20.3	0.0020	0.0791	1.9506	0.0012	0.0081	8.476E-4	15.90	64.61	103.94	1.118E-2	98.84	-4.174E-2	103.85	-1.121E-3
um	41664	C	76.7148	76.6251	414.1	54.19	3.327E-6	NaN	NaN	0.0186	-0.0176	7.00	72	20.2	0.0576	-0.1982	1.6599	0.0117	0.1039	5.093E-3	15.94	64.44	54.19	-1.684E-1	56.92	2.326E-1	54.11	9.290E-2
um	41712	D	107.8327	107.8285	368.1	29.85	2.264E-6	NaN	NaN	0.1077	-0.0206	7.00	72	20.2	0.0340	-1.4351	4.3398	0.0108	0.1422	2.935E-3	15.97	64.34	29.58	-3.471E-2	31.08	1.118E-1	29.50	-2.651E-2
um	41759	A	49.0294	49.1180	367.9	102.80	6.529E-6	NaN	NaN	0.0035	-0.0017	7.00	72	20.3	0.0008	0.3595	2.7336	0.0021	0.0057	8.779E-4	16.00	64.21	103.50	5.221E-3	98.40	-4.275E-2	103.41	8.853E-3
um	41808	C	76.7148	76.6275	414.3	51.56	1.036E-2	NaN	NaN	-0.0034	-0.0130	7.00	72	20.2	0.0077	-0.0195	2.8208	0.0072	0.0268	4.674E-3	16.03	64.14	54.19	2.192E-1	51.47	-1.073E-2	54.02	2.059E-1
um	41856	D	107.8315	107.8285	387.7	27.30	1.320E-6	NaN	NaN	0.0086	-0.0044	7.00	72	20.2	0.0075	-0.5428	2.6154	0.0009	0.0258	4.122E-3	16.06	64.14	29.85	2.438E-1	28.35	9.915E-2	26.95	-3.727E-2
um	41904	A	49.0294	49.1167	387.3	102.27	1.811E-6	NaN	NaN	-0.0030	-0.0009	7.00	72	20.2	0.0056	-1.5572	4.3641	0.0004	0.0191	1.268E-3	16.09	64.15	102.88	8.041E-3	97.79	-6.077E-2	102.80	9.291E-3
um	41952	C	76.7123	76.6275	414.2	51.56	1.036E-2	NaN	NaN	-0.0848	0.0004	7.00	72	20.2	0.0258	0.3469	1.9883	0.0345	0.1282	5.179E-3	16.12	64.20	51.56	-3.371E-2	54.11	1.395E-1	51.38	-1.784E-1
um	42001	D	107.8278	107.8285	368.4	27.30	1.036E-2	NaN	NaN	-0.1354	0.0227	7.00	72	20.2	0.0896	0.0413	1.5832	0.0113	0.2691	3.056E-3	16.15	64.25	27.30	-1.713E-3	28.70	8.503E-2	27.30	-4.404E-2
um	42048	A	49.0294	49.1180	368.3	103.32	4.049E-6	NaN	NaN	-0.0002	-0.0010	7.00	72	20.2	0.0019	0.4883	2.1216	0.0002	0.0049	8.501E-4	16.18	64.14	102.36	-1.292E-2	107.45	3.804E-2	102.18	-5.010E-3
um	42097	C	76.8026	76.6263	414.8	51.56	1.036E-2	NaN	NaN	0.0062	-0.0144	7.00	72	20.2	0.0039	-0.6377	3.4465	0.0087	0.0257	4.541E-3	16.22	64.03	51.56	-1.323E-3	54.11	2.029E-1	51.38	-1.734E-2
um	42145	D	107.8278	107.8285	388.4	26.95	1.036E-2	NaN	NaN	0.0017	-0.0029	7.00	72	20.2	0.0032	0.0305	2.9818	0.0007	0.0113	3.666E-3	16.26	64.03	27.30	2.942E-2	25.89	-9.839E-2	27.21	1.874E-2
um	42192	A	49.0294	49.1180	387.9	102.27	1.811E-6	NaN	NaN	0.0028	-0.0018	7.00	72	20.2	0.0010	-0.1146	2.0845	0.0013	0.0063	1.146E-3	16.30	64.10	103.41	1.701E-2	98.31	-5.141E-2	103.32	1.571E-2
um	42241	C	76.8026	76.6263	414.9	51.38	3.565E-6	NaN	NaN	0.0006	-0.0132	7.00	72	20.2	0.0044	-0.4120	2.8237	0.0046	0.0260	4.592E-3	16.35	63.97	51.56	1.555E-2	49.01	-2.012E-1	51.47	5.777E-3
um	42289	D	107.9157	107.8273	388.5	26.86	1.454E-2	NaN	NaN	0.0016	-0.0022	7.00	72	20.2	0.0026	0.7375	4.0491	0.0003	0.0106	3.665E-3	16.38	63.95	26.95	5.584E-3	25.63	-1.094E-1	26.95	6.987E-3
um	42336	A	49.0306	49.1180	388.3	102.09	6.006E-6	NaN	NaN	0.0020	-0.0021	7.00	72	20.2	0.0014	-0.3144	2.9892	0.0008	0.0055	1.221E-3	16.42	63.90	102.36	4.384E-3	97.35	-6.212E-2	102.27	3.991E-3
um	42385	C	76.8014	76.6275	415.1	51.29	2.863E-6	NaN	NaN	0.0046	-0.0144	7.00	72	20.2	0.0036	-0.3583	2.4575	0.0059	0.0219	4.570E-3	16.47	63.90	51.38	4.657E-3	48.83	-2.090E-1	51.29	2.814E-3
um	42433	D	107.9157	107.8285	388.7	26.77	3.201E-7	NaN	NaN	-0.0005	-0.0027	7.00	72	20.2	0.0036	0.2561	3.5657	0.0006	0.0121	3.654E-3	16.51	63.92	26.86	6.122E-3	25.54	-1.113E-1	26.86	9.160E-3
um	42480	A	49.0343	49.1180	388.3	101.92	6.006E-6	NaN	NaN	0.0004	-0.0014	7.00	72	20.2	0.0012	-0.1993	2.4106	0.0001	0.0043	1.150E-3	16.55	63.89	102.18	4.567E-3	97.17	-6.350E-2	102.09	3.541E-3
um	42529	C	76.8014	76.6275	415.3	51.38	1.036E-2	NaN	NaN	0.0070	-0.0136	7.00	72	20.2	0.0055	-0.2835	2.6472	0.0071	0.0274	4.527E-3	16.59	63.81	51.29	-8.257E-3	53.84	2.059E-1	51.12	-1.571E-2
um	42577	D	107.9169	107.8260	388.9	26.95	1.109E-6	NaN	NaN	0.0166	-0.0054	7.00	72	20.2	0.0040	0.0700	3.2056	0.0086	0.0273	3.804E-3	16.64	63.73	26.77	-1.918E-2	28.09	8.651E-2	26.68	-1.306E-2
um	42625	A	49.0306	49.1180	388.5	101.92	6.006E-6	NaN	NaN	0.0011	-0.0016	7.00	72	20.2	0.0011	0.0001	2.9172	0.0006	0.0048	1.226E-3	16.69	63.74	102.01	2.123E-3	97.00	-6.389E-2	101.92	4.564E-4
um	42673	C	76.8026	76.6275	415.5	51.29	2.863E-6	NaN	NaN	0.0053	-0.0143	7.00	72	20.2	0.0045	-0.0724	2.7872	0.0073	0.0259	4.413E-3	16.73	63.69	51.38	6.477E-3	48.83	-2.039E-1	51.29	3.330E-3
um	42721	D	107.9169	107.8273	389.1	26.77	3.201E-7	NaN	NaN	0.0103	-0.0036	7.00	72	20.2	0.0034	0.0443	2.9388	0.0034	0.0181	3.824E-3	16.80	63.59	26.95	1.593E-2	25.63	-9.456E-2	26.95	1.591E-2
um	42769	A	49.1161	49.1180	388.7	101.92	6.006E-6	NaN	NaN	0.0010	-0.0020	7.00	72	20.2	0.0014	-0.0235	2.8729	0.0005	0.0054	1.226E-3	16.85	63.53	102.01	1.773E-3	97.00	-6.483E-2	101.92	1.540E-3
um	42818	C	76.8905	76.6275	415.8	51.12	2.480E-6	NaN	NaN	-0.0015	-0.0120	7.00	72	20.2	0.0040	-0.0563	2.0055	0.0055	0.0202	4.496E-3	16.90	63.44	51.29	3.425E-3	48.74	-2.049E-1	51.20	1.511E-2
um	42866	D	107.9133	107.8273	389.5	26.60	1.062E-6	NaN	NaN	0.0032	-0.0023	7.00	72	20.2	0.0031	-0.1971	2.7133	0.0008	0.0126	3.737E-3	16.95	63.34	26.77	2.004E-2	25.45	-9.306E-2	26.77	1.274E-2
um	42914	A	49.1173	49.1180	389.3	101.92	1.036E-2	NaN	NaN	0.0006	-0.0016	7.00	72	20.2	0.0010	0.2021	2.8730	0.0004	0.0044	1.167E-3	17.01	63.23	102.01	-2.745E-4	107.10	6.356E-2	101.83	1.628E-3
um	42963	C	76.8893	76.6251	416.3	51.29	2.863E-6	NaN	NaN	0.0006	-0.0116	7.00	72	20.3	0.0043	0.0907	2.8681	0.0056	0.0223	4.453E-3	17.07	63.14	51.12	-1.420E-2	53.67	1.933E-1	50.94	-2.106E-2
um	43010	D	108.0024	107.8187	389.9	26.68	1.012E-6	NaN	NaN	0.0080	-0.0025	7.00	72	20.2	0.0039	-0.2560	2.7356	0.0006	0.0166	3.664E-3	17.13	63.07	26.60	-1.519E-2	27.91	1.013E-1	26.51	-1.298E-2
um	43058	A	49.1173	49.1180	389.5	101.91	1.454E-2	NaN	NaN	0.0010	-0.0020	7.00	72	20.2	0.0013	-0.1603	3.4833	0.0003	0.0052	1.191E-3	17.19	63.01	102.01	1.933E-3	97.00	-6.350E-2	101.92	1.762E-3
um	43107	C	76.8905	76.6263	416.6	51.20	3.201E-6	NaN	NaN	0.0003	-0.0137	7.00	72	20.2	0.0040	0.0158	3.4865	0.0050	0.0234	4.480E-3	17.26	62.94	51.29	3.818E-3	48.74	-2.083E-1	51.20	-1.379E-3
um	43154	D	108.0024	107.8236	390.0	26.68	1.012E-6	NaN	NaN	0.0023	-0.0026	7.00	72	20.2	0.0031	0.1070	2.4478	0.0011	0.0123	3.630E-3	17.33	62.92	26.68	-3.059E-3	28.00	1.126E-1	26.60	-5.203E-3
um	43202	A	49.1173	49.1180	389.7	101.92	1.036E-2	NaN	NaN	0.0009	-0.0016	7.00	72	20.2	0.0011	-0.2187	2.5320	0.0007	0.0047	1.207E-3	17.39	62.89	102.01	3.171E-3	97.00	-6.401E-2	101.92	3.006E-4
um	43250	C	76.9784	76.6263	416.8	51.29	2.863E-6	NaN	NaN	0.0038	-0.0144	7.00	72	20.2	0.0039	-0.0663	2.4987	0.0065	0.0226	4.504E-3	17.46	62.83	51.20	-7.026E-3	53.75	2.011E-1	51.03	-2.076E-2
um	43298	D	108.0024	107.8260	390.3	26.68	1.012E-6	NaN	NaN	0.0053	-0.0024	7.00	72	20.2	0.0032	0.0479	2.5313	0.0008	0.0131	3.446E-3	17.53	62.71	26.68	2.832E-4	25.37	-1.066E-1	26.68	-5.239E-4
um	43346	A	49.1173	49.1180	390.0	102.09	6.006E-6	NaN	NaN	0.0008	-0.0018	7.00	72	20.2	0.0013	-0.3919	2.5052	0.0002	0.0050	1.200E-3	17.59	62.63	102.01	1.043E-4	97.00	-6.618E-2	101.92	-2.496E-4
um	43394	C	76.9784	76.6275	417.1	51.38	3.565E-6	NaN	NaN	0.0020	-0.0137	7.00	72	20.2	0.0041	0.0109	2.8694	0.0062	0.0229	4.632E-3	17.66	62.58	51.29	-3.746E-3	53.84	2.045E-1	51.12	-1.807E-2
um	43480	D	108.0915	107.8297	390.6	26.77	3.201E-7	NaN	NaN	-0.0038	-0.0028	7.00	72	20.2	0.0046	-0.2625	2.4044	0.0000	0.0145	3.544E-3	17.79	62.48	26.68	-5.612E-3	28.00	1.052E-1	26.60	-1.118E-2
um	43529	A	49.2052	49.1180	390.5	102.62	1.036E-2	NaN	NaN	0.0006	-0.0017	7.00	72	20.2	0.0013	0.2447	2.8791	0.0002	0.0047	1.185E-3	17.85	62.34	102.18	-2.725E-3	107.28	5.722E-2	102.01	-8.371E-3
um	43578	C	76.9784	76.6275	417.6	52.00	1.811E-6	NaN	NaN	-0.0036	-0.0134	7.00	72	20.2	0.0040	-0.2395	2.3977	0.0049	0.0244	4.577E-3	17.92	62.21	51.38	-5.004E-2	53.93	1.636E-1	51.20	-6.214E-2
um	43625	D	108.0903	107.8273	390.9	27.30	1.320E-6	NaN	NaN	0.0021	-0.0033	7.00	72	20.2	0.0037	-0.1826	3.5383	0.0008	0.0117	3.577E-3	17.97	62.11	26.77	-4.878E-2	28.09	6.433E-2	26.68	-5.200E-2
um	43672	A	49.2052	49.1180	390.9	102.53	1.475E-2	NaN	NaN	0.0024	-0.0019	7.00	72	20.2	0.0012	0.1286	2.8442	0.0011	0.0058	1.189E-3	18.04	61.98	102.71	2.627E-3	97.79	-6.368E-2	102.80	6.256E-3
um	43721	C	77.0663	76.6263	418.1	51.29	2.863E-6	NaN	NaN	-0.0035	-0.0131	7.00	72	20.2	0.0038	-0.1474	2.6428	0.0049	0.0225	4.543E-3	18.11	61.81	52.00	4.891E-2	49.36	-1.622E-1	51.82	4.946E-2
um	43768	D	108.0903	107.8273	391.5	26.68	1.012E-6	NaN	NaN	0.0048	-0.0036	7.00	72	20.2	0.0030	-0.3144	3.7649	0.0013	0.0152	3.732E-3	18.17	61.65	27.30	5.352E-2	25.89	-6.841E-2	27.21	4.809E-2
um	43816	A	49.2052	49.1180	391.5	102.36	4.049E-6	NaN	NaN	0.0027	-0.0021	7.00	72	20.2	0.0013	-0.0740	2.8236	0.0008	0.0060	1.167E-3	18.25	61.53	102.62	5.434E-3	97.61	-5.854E-2	102.62	4.107E-3
um	43865	C	77.0675	76.6263	418.7	51.29	2.863E-6	NaN	NaN	0.0003	-0.0140	7.00	72	20.2	0.0042	-0.1356	2.1969	0.0033	0.0232	4.261E-3	18.32	61.38	51.29	1.378E-3	48.74	-2.054E-1	51.20	-2.577E-3
um	43913	D	108.1733	107.8260	392.0	26.77	3.201E-7	NaN	NaN	-0.0025	-0.0030	7.00	72	20.2	0.0032	0.4067	3.0286	0.0005	0.0120	3.600E-3	18.39	61.23	26.68	-1.212E-2	28.00	9.726E-2	26.60	-1.569E-2
um	43960	A	49.2064	49.1180	392.0	102.36	4.049E-6	NaN	NaN	0.0021	-0.0016	7.00	72	20.2	0.0012	-0.0727	2.7933	0.0002	0.0055	1.134E-3	18.46	61.06	102.44	2.756E-3	97.43	-6.236E-2	102.36	1.223E-3
um	44009	C	77.0663	76.6251	419.2	51.29	2.863E-6	NaN	NaN	0.0015	-0.0143	7.00	72	20.2	0.0042	-0.2634	2.7781	0.0084	0.0237	4.517E-3	18.53	60.89	51.29	-1.463E-3	53.84	2.108E-1	51.12	-1.548E-2
um	44057	D	108.1806	107.8236	392.4	26.86	1.694E-6	NaN	NaN	0.0042	-0.0041	7.00	72	20.2	0.0030	0.1545	2.3541	0.0009	0.0136	3.613E-3	18.60	60.74	26.77	-3.631E-3	28.09	1.062E-1	26.68	-1.680E-2
um	44104	A	49.2931	49.1180	392.4	102.27	1.811E-6	NaN	NaN	-0.0001	-0.0017	7.00	72	20.2	0.0011	0.3096	4.1300	0.0001	0.0047	1.161E-3	18.66	60.60	102.44	1.455E-3	97.43	-6.383E-2	102.36	4.296E-3
um	44153	C	77.1530	76.6288	419.8	51.20	3.201E-6	NaN	NaN	-0.0075	-0.0121	7.00	72	20.2	0.0037	-0.1151	2.3542	0.0054	0.0230	4.675E-3	18.74	60.42	51.29	1.540E-3	48.74	-2.026E-1	51.20	3.437E-3
um	44209	D	108.1977	107.8285	393.1	26.77	3.201E-7	NaN	NaN	0.0091	-0.0048	7.00	72	20.2	0.0052	1.7312	7.9425	0.0026	0.0318	3.766E-3	18.83	60.18	26.86	1.926E-2	25.54	-1.072E-1	26.86	4.405E-3
um	44256	A	49.2931	49.1180	393.1	102.36	4.049E-6	NaN	NaN	0.0002	-0.0018	7.00	72	20.2	0.0011	0.3803	3.2075	0.0002	0.0050	1.126E-3	18.90	60.02	102.36	1.297E-3	97.35	-6.328E-2	102.27	-5.752E-4
um	44305	C	77.1542	76.6263	420.3	51.30	2.027E-2	NaN	NaN	0.0032	-0.0138	7.00	72	20.2	0.0037	-0.4785	3.0295	0.0065	0.0238	4.531E-3	18.97	59.91	51.20	-7.790E-3	53.75	1.951E-1	51.03	-2.137E-2
um	44353	D	108.2660	107.8260	393.7	26.60	1.062E-6	NaN	NaN	0.0022	-0.0031	7.00	72	20.2	0.0037	0.0086	2.8967	0.0012	0.0145	3.771E-3	19.04	59.76	26.77	1.145E-2	25.45	-9.363E-2	26.77	1.794E-2
um	44400	A	49.2931	49.1180	393.8	102.44	5.122E-6	NaN	NaN	0.0007	-0.0016	7.00	72	20.2	0.0012	0.0009	2.2543	0.0007	0.0057	1.195E-3	19.11	59.58	102.44	6.167E-4	97.43	-6.439E-2	102.36	3.545E-4
um	44449	C	77.1542	76.6275	421.1	51.29	1.036E-2	NaN	NaN	-0.0034	-0.0124	7.00	72	20.2	0.0034	-0.2064	2.5198	0.0055	0.0233	4.645E-3	19.19	59.44	51.29	-5.984E-4	53.84	1.989E-1	51.12	-8.808E-3
um	44497	D	108.2685	107.8285	394.2	26.77	1.036E-2	NaN	NaN	0.0046	-0.0035	7.00	72	20.2	0.0032	-0.0065	2.3261	0.0005	0.0127	3.631E-3	19.27	59.32	26.60	-1.323E-2	27.91	1.015E-1	26.51	-2.109E-2
um	44544	A	49.2931	49.1180	394.2	102.71	7.244E-6	NaN	NaN	0.0026	-0.0020	7.00	72	20.2	0.0012	0.2565	4.3786	0.0010	0.0070	1.174E-3	19.34	59.24	102.53	-1.117E-4	107.63	5.879E-2	102.36	-3.562E-3
um	44593	C	77.2433	76.6275	421.3	51.38	3.565E-6	NaN	NaN	0.0104	-0.0147	7.00	72	20.2	0.0042	-0.2832	2.0859	0.0071	0.0290	4.555E-3	19.41	59.13	51.29	-4.333E-3	53.84	2.021E-1	51.12	-1.691E-2
um	44640	D	108.2685	107.8285	394.3	26.68	1.012E-6	NaN	NaN	-0.0025	-0.0022	7.00	72	20.2	0.0035	-0.1307	3.1852	0.0010	0.0114	3.497E-3	19.47	59.03	26.77	2.438E-3	25.45	-1.047E-1	26.77	5.987E-3
um	44688	A	49.3785	49.1180	395.1	102.80	1.036E-2	NaN	NaN	0.0014	-0.0016	7.00	72	20.2	0.0012	0.1019	2.8624	0.0003	0.0050	1.154E-3	19.55	58.91	102.80	-3.210E-4	107.98	6.168E-2	102.71	1.142E-3
um	44737	C	77.2409	76.6263	421.7	51.38	3.565E-6	NaN	NaN	0.0010	-0.0116	7.00	72	20.2	0.0036	0.6699	4.6251	0.0043	0.0213	4.351E-3	19.61	58.79	51.38	-1.246E-5	53.93	2.003E-1	51.20	-1.362E-2
um	44785	D	108.3539	107.8285	394.5	26.77	1.454E-2	NaN	NaN	-0.0053	-0.0020	7.00	72	20.2	0.0032	0.2343	2.6039	0.0011	0.0120	3.436E-3	19.66	58.73	26.68	-1.126E-2	28.00	9.578E-2	26.60	-1.592E-2
um	44841	A	49.3797	49.1180	395.8	102.97	3.137E-6	NaN	NaN	0.0018	-0.0016	7.00	72	20.2	0.0012	-0.0654	1.9365	0.0005	0.0045	1.150E-3	19.71	58.63	102.88	1.415E-3	97.79	-6.427E-2	102.80	-1.992E-3
um	44890	C	77.2421	76.6263	422.0	51.56	3.137E-6	NaN	NaN	0.0014	-0.0137	7.00	72	20.2	0.0040	-0.1968	2.5231	0.0075	0.0220	4.621E-3	19.77	58.51	51.38	-1.407E-2	53.93	1.875E-1	51.20	-2.685E-2
um	44937	D	108.3564	107.8285	394.9	27.13	1.454E-2	NaN	NaN	-0.0004	-0.0031	7.00	72	20.2	0.0028	0.1219	2.5274	0.0004	0.0107	3.419E-3	19.81	58.42	26.77	-2.698E-2	28.09	7.868E-2	26.68	-3.831E-2
um	44985	A	49.3810	49.1180	396.7	103.15	1.454E-2	NaN	NaN	0.0004	-0.0017	7.00	72	20.2	0.0011	0.0732	3.4648	0.0002	0.0046	1.186E-3	19.85	58.35	103.06	-1.468E-4	108.25	6.079E-2	102.88	-2.556E-3
um	45033	C	77.2458	76.6288	422.1	51.64	1.036E-2	NaN	NaN	0.0019	-0.0124	7.00	72	20.2	0.0035	0.3401	2.8800	0.0033	0.0212	4.287E-3	19.89	58.30	51.56	-5.519E-3	54.11	1.897E-1	51.38	-2.297E-2
um	45080	D	108.3552	107.8285	394.9	27.21	1.724E-6	NaN	NaN	0.0088	-0.0040	7.00	72	20.2	0.0034	-0.0022	2.6067	0.0021	0.0184	3.814E-3	19.92	58.25	27.12	-6.349E-3	28.44	1.053E-1	27.03	-1.169E-2
um	45129	A	49.3822	49.1180	397.6	103.32	4.049E-6	NaN	NaN	0.0010	-0.0018	7.00	72	20.2	0.0012	0.1407	2.5115	0.0001	0.0053	1.193E-3	19.96	58.21	103.24	2.773E-4	98.14	-6.525E-2	103.15	-9.715E-4
um	45177	C	77.3336	76.6263	422.3	51.73	1.036E-2	NaN	NaN	0.0113	-0.0150	7.00	72	20.2	0.0041	0.2515	3.2002	0.0112	0.0301	4.621E-3	20.01	58.14	51.64	-5.965E-3	54.19	1.932E-1	51.47	-2.135E-2
um	45225	D	108.3564	107.8285	395.3	27.12	1.839E-6	NaN	NaN	0.0034	-0.0035	7.00	72	20.2	0.0037	-0.2227	2.7621	0.0005	0.0125	3.586E-3	20.06	58.06	27.21	9.336E-3	25.89	-9.790E-2	27.21	1.273E-2
um	45273	A	49.3810	49.1180	398.6	103.41	2.561E-6	NaN	NaN	0.0008	-0.0017	7.00	72	20.2	0.0012	0.2282	2.7567	0.0003	0.0048	1.216E-3	20.10	58.00	103.41	8.520E-4	98.31	-6.672E-2	103.32	3.670E-4
um	45321	C	77.3275	76.6275	422.6	51.73	1.568E-6	NaN	NaN	-0.0033	-0.0133	7.00	72	20.2	0.0037	-0.2175	2.4994	0.0068	0.0221	4.539E-3	20.15	57.91	51.73	-2.224E-4	54.28	1.940E-1	51.56	-1.381E-2
um	45369	D	108.3552	107.8285	395.6	27.03	1.154E-6	NaN	NaN	-0.0004	-0.0024	7.00	72	20.2	0.0026	0.2225	2.8949	0.0004	0.0104	3.533E-3	20.20	57.82	27.12	2.879E-3	25.80	-1.059E-1	27.12	6.711E-3
log	45415	Finish cycle	
um	45417	A	49.3797	49.1167	399.5	103.59	6.776E-6	NaN	NaN	0.0001	-0.0015	7.00	72	20.2	0.0013	-0.2103	3.6607	0.0002	0.0047	1.217E-3	20.25	57.72	103.50	-5.821E-5	108.68	6.259E-2	103.32	-2.764E-3
log	45436	Park&Close	
log	45457	Exit	
log	45458	Dmode	Park & Close
log	45459	Park&Close	
log	46256	Dmode	No selection
log	46257	Gmode	auto Umkehr
log	46265	Dmode	Umkehr
acq	46268	25.000	3.000	0.000	0.200	1.0000	20	20.000	3.000	4.000	20.000	200	41666.67	12500
um	46303	C	77.4130	76.6263	444.5	51.03	1.802E-2	NaN	NaN	-0.2249	0.0209	7.00	72	20.2	0.0058	0.5168	4.2320	0.2063	0.2417	6.892E-3	20.60	56.41	72.03	1.737E+0	68.43	1.443E+0	65.00	1.154E+0
um	46350	D	108.4406	107.8248	395.6	25.63	1.358E-6	NaN	NaN	-0.1885	0.0300	7.00	72	20.2	0.0029	0.0806	2.7585	0.1849	0.1973	4.248E-3	20.59	56.42	44.96	1.106E+0	42.68	9.748E-1	40.57	8.543E-1
um	46398	A	49.4725	49.1180	405.8	98.05	1.811E-6	NaN	NaN	-0.0881	0.0133	7.00	72	20.2	0.0011	-0.3548	3.1345	0.0868	0.0922	1.881E-3	20.59	56.42	132.06	2.703E-1	125.47	2.210E-1	119.23	1.680E-1
um	46446	C	77.4203	76.6263	423.0	53.23	3.388E-6	NaN	NaN	0.0021	-0.0143	7.00	72	20.2	0.0043	0.1075	2.3126	0.0046	0.0263	4.591E-3	20.59	56.40	51.03	-1.660E-1	53.58	2.560E-2	50.94	-1.742E-1
um	46494	D	108.4418	107.8285	395.9	27.91	9.054E-7	NaN	NaN	-0.0006	-0.0040	7.00	72	20.2	0.0038	-0.4113	3.3064	0.0004	0.0126	3.749E-3	20.58	56.40	25.63	-1.832E-1	26.95	-7.271E-2	28.27	2.626E-2
um	46541	A	49.4689	49.1180	406.8	104.55	4.049E-6	NaN	NaN	0.0013	-0.0036	7.00	72	20.2	0.0013	-0.0451	2.4661	0.0013	0.0071	1.702E-3	20.59	56.39	98.14	-8.999E-2	103.15	-1.800E-2	108.33	5.173E-2
um	46590	C	77.4130	76.6275	423.0	53.40	2.934E-6	NaN	NaN	-0.0002	-0.0133	7.00	72	20.2	0.0039	0.1600	2.8532	0.0059	0.0257	4.383E-3	20.59	56.37	53.23	-8.492E-3	55.86	1.792E-1	53.05	-2.639E-2
um	46638	D	108.4418	107.8285	395.9	27.92	1.036E-2	NaN	NaN	-0.0047	-0.0034	7.00	72	20.2	0.0034	0.0237	2.7297	0.0012	0.0135	3.578E-3	20.60	56.35	27.91	-4.068E-3	29.32	1.040E-1	27.83	-6.891E-3
um	46697	A	49.4676	49.1180	408.0	104.82	5.280E-6	NaN	NaN	-0.0001	-0.0035	7.00	72	20.2	0.0013	-0.2442	2.9201	0.0003	0.0061	1.690E-3	20.59	56.37	104.55	-1.793E-3	109.92	6.461E-2	104.38	-6.637E-3
um	46745	C	77.4191	76.6263	423.1	53.66	1.454E-2	NaN	NaN	-0.0018	-0.0134	7.00	72	20.2	0.0045	0.3545	2.7999	0.0031	0.0218	4.333E-3	20.60	56.35	53.40	-1.870E-2	56.04	1.715E-1	53.23	-3.552E-2
um	46793	D	108.4418	107.8285	395.9	28.18	1.280E-6	NaN	NaN	0.0002	-0.0023	7.00	72	20.2	0.0042	0.3448	2.3959	0.0011	0.0115	3.570E-3	20.60	56.35	27.91	-2.105E-2	29.32	9.229E-2	27.83	-2.479E-2
um	46840	A	49.4689	49.1180	409.1	104.99	1.036E-2	NaN	NaN	-0.0007	-0.0012	7.00	72	20.2	0.0015	-0.1882	2.8509	0.0001	0.0054	1.278E-3	20.60	56.36	104.82	-3.185E-3	110.18	6.666E-2	104.64	-4.312E-3
um	46889	C	77.4203	76.6251	423.0	53.92	2.027E-2	NaN	NaN	0.0038	-0.0110	7.00	72	20.2	0.0039	0.1437	3.2291	0.0059	0.0210	4.139E-3	20.60	56.37	53.67	-1.734E-2	56.39	1.792E-1	53.58	-2.868E-2
um	46961	D	108.4272	107.8273	395.8	28.27	1.724E-6	NaN	NaN	0.0004	-0.0020	7.00	72	20.2	0.0037	0.6740	4.2725	0.0006	0.0128	3.211E-3	20.60	56.38	28.18	-5.360E-3	29.58	1.069E-1	28.09	-1.180E-2
um	47009	A	49.4701	49.1180	410.4	105.43	5.727E-6	NaN	NaN	0.0010	-0.0018	7.00	72	20.2	0.0014	-0.3181	3.0342	0.0007	0.0047	1.377E-3	20.60	56.38	104.99	-5.459E-3	110.35	6.565E-2	104.82	-9.692E-3
um	47057	C	77.4179	76.6263	423.0	54.02	1.036E-2	NaN	NaN	-0.0001	-0.0125	7.00	72	20.2	0.0041	-0.5020	3.2158	0.0047	0.0220	4.260E-3	20.59	56.38	53.93	-6.234E-3	56.65	1.865E-1	53.84	-8.746E-3
um	47105	D	108.4430	107.8273	395.9	28.35	1.395E-6	NaN	NaN	-0.0005	-0.0025	7.00	72	20.2	0.0037	-0.2117	3.0630	0.0009	0.0127	3.445E-3	20.58	56.38	28.27	-6.989E-3	29.67	1.031E-1	28.18	-1.934E-2
um	47153	A	49.4689	49.1180	411.6	105.61	1.280E-6	NaN	NaN	-0.0010	-0.0016	7.00	72	20.2	0.0013	0.2695	2.2288	0.0004	0.0049	1.371E-3	20.57	56.38	105.43	-2.920E-3	110.79	6.808E-2	105.26	-3.528E-3
um	47202	C	77.4166	76.6288	423.0	54.19	1.036E-2	NaN	NaN	0.0028	-0.0126	7.00	72	20.2	0.0037	0.0958	2.6600	0.0073	0.0224	4.002E-3	20.57	56.38	54.02	-1.132E-2	56.74	1.801E-1	53.93	-1.603E-2
um	47250	D	108.4430	107.8285	395.9	28.44	1.632E-6	NaN	NaN	0.0058	-0.0032	7.00	72	20.3	0.0029	0.1221	2.8349	0.0014	0.0138	3.354E-3	20.55	56.38	28.35	-6.343E-3	29.76	1.098E-1	28.27	-1.326E-2
um	47297	A	49.4689	49.1180	412.9	105.87	5.433E-6	NaN	NaN	-0.0004	-0.0018	7.00	72	20.3	0.0014	-0.1564	2.9555	0.0001	0.0082	1.400E-3	20.54	56.38	105.61	-3.126E-3	110.97	6.739E-2	105.43	-5.875E-3
um	47346	C	77.4179	76.6275	423.1	54.37	3.003E-6	NaN	NaN	0.0034	-0.0118	7.00	72	20.2	0.0041	-0.2825	2.8533	0.0050	0.0225	4.167E-3	20.54	56.38	54.19	-1.024E-2	56.92	1.822E-1	54.11	-1.434E-2
um	47394	D	108.4406	107.8285	396.1	28.35	1.395E-6	NaN	NaN	0.0003	-0.0021	7.00	72	20.3	0.0034	0.1089	2.2180	0.0005	0.0108	3.273E-3	20.53	56.38	28.44	5.148E-3	27.03	-1.029E-1	28.35	2.446E-3
um	47441	A	49.4689	49.1180	414.1	105.96	4.247E-6	NaN	NaN	-0.0027	-0.0011	7.00	72	20.3	0.0016	-0.3169	3.0866	0.0006	0.0070	1.473E-3	20.53	56.38	105.87	-2.515E-3	111.23	6.967E-2	105.70	-3.218E-3
um	47490	C	77.4166	76.6288	423.3	54.54	1.475E-2	NaN	NaN	-0.0248	-0.0028	7.00	72	20.3	0.0423	-1.1636	2.4601	0.0029	0.1578	4.082E-3	20.55	56.35	54.37	-1.228E-2	57.09	1.772E-1	54.28	-1.900E-2
um	47538	D	108.4418	107.8285	396.0	28.35	1.395E-6	NaN	NaN	-0.0067	-0.0018	7.00	72	20.3	0.0033	0.4733	3.7153	0.0006	0.0137	3.562E-3	20.55	56.35	28.35	-2.428E-3	29.76	1.068E-1	28.27	-1.007E-2
um	47585	A	49.4676	49.1180	415.4	106.40	0.000E+0	NaN	NaN	-0.0013	-0.0014	7.00	72	20.2	0.0018	0.2260	3.5504	0.0006	0.0063	1.445E-3	20.56	56.33	105.96	-6.990E-3	111.32	6.637E-2	105.78	-7.585E-3
um	47634	C	77.4179	76.6251	423.2	54.72	1.432E-6	NaN	NaN	0.0014	-0.0124	7.00	72	20.3	0.0036	0.0869	3.4377	0.0039	0.0245	4.064E-3	20.56	56.33	54.54	-8.501E-3	57.27	1.753E-1	54.37	-2.478E-2
um	47682	D	108.4418	107.8285	396.2	28.53	1.036E-2	NaN	NaN	0.0041	-0.0031	7.00	72	20.3	0.0032	0.2691	2.9071	0.0010	0.0123	3.221E-3	20.56	56.31	28.35	-8.961E-3	29.76	9.393E-2	28.27	-1.805E-2
um	47729	A	49.4664	49.1180	416.8	106.93	1.036E-2	NaN	NaN	0.0004	-0.0019	7.00	72	20.2	0.0014	0.3056	2.7287	0.0001	0.0049	1.471E-3	20.56	56.29	106.40	-6.432E-3	111.85	6.821E-2	106.22	-1.014E-2
um	47778	C	77.4154	76.6275	423.3	54.81	0.000E+0	NaN	NaN	-0.0072	-0.0110	7.00	72	20.3	0.0040	0.2438	2.5362	0.0036	0.0226	4.219E-3	20.57	56.26	54.72	-1.176E-2	57.44	1.767E-1	54.54	-1.636E-2
um	47827	D	108.4430	107.8285	396.1	28.62	1.036E-2	NaN	NaN	0.0011	-0.0031	7.00	72	20.3	0.0033	0.1320	2.1738	0.0004	0.0112	3.318E-3	20.58	56.21	28.53	-3.851E-3	29.94	1.009E-1	28.44	-1.035E-2
um	47876	A	49.4701	49.1180	418.2	107.19	1.036E-2	NaN	NaN	-0.0006	-0.0015	7.00	72	20.3	0.0017	0.4640	3.2213	0.0006	0.0068	1.506E-3	20.55	56.21	106.93	-3.355E-3	112.46	7.119E-2	106.84	-5.833E-3
um	47924	C	77.4179	76.6275	423.3	54.98	3.622E-6	NaN	NaN	-0.0062	-0.0105	7.00	72	20.2	0.0027	0.2656	3.5584	0.0063	0.0204	4.010E-3	20.55	56.18	54.81	-1.632E-2	57.53	1.644E-1	54.63	-2.024E-2
um	47972	D	108.4418	107.8285	396.2	28.70	1.601E-6	NaN	NaN	0.0013	-0.0018	7.00	72	20.2	0.0026	0.0614	2.9248	0.0004	0.0079	3.185E-3	20.54	56.19	28.62	-4.039E-3	30.02	1.001E-1	28.53	-9.619E-3
um	48020	A	49.4689	49.1180	419.7	107.54	1.769E-2	NaN	NaN	-0.0018	-0.0011	7.00	72	20.2	0.0017	0.0363	2.8873	0.0002	0.0064	1.598E-3	20.53	56.19	107.19	-3.888E-3	112.64	7.175E-2	107.01	-8.819E-3
um	48069	C	77.4191	76.6263	423.6	55.34	1.568E-6	NaN	NaN	-0.0004	-0.0108	7.00	72	20.2	0.0036	-0.1568	3.8124	0.0016	0.0206	3.973E-3	20.54	56.16	54.98	-2.398E-2	57.71	1.585E-1	54.81	-3.813E-2
log	48108	Abort	
log	48110	Park&Close	
log	48170	Dmode	No selection
log	48171	Gmode	auto Umkehr
log	48175	Abort	
log	48177	Park&Close	
log	48301	Dmode	No selection
log	48302	Gmode	Manual
log	48347	Dmode	No selection
log	48348	Gmode	auto Umkehr
log	48357	Dmode	Umkehr
acq	48361	25.000	3.000	0.000	0.200	1.0000	20	20.000	3.000	4.000	20.000	200	41666.67	12500
um	48394	C	77.4179	76.6275	423.9	55.11	3.733E-6	NaN	NaN	-0.0047	-0.0105	7.00	72	20.2	0.0035	-0.4249	2.3422	0.0049	0.0191	3.899E-3	20.58	56.03	55.38	2.381E-2	52.65	-1.691E-1	55.29	2.673E-3
um	48441	D	108.4430	107.8260	396.6	28.39	1.062E-6	NaN	NaN	0.0015	-0.0027	7.00	72	20.2	0.0029	-0.2716	2.8589	0.0005	0.0111	3.322E-3	20.58	56.01	28.75	3.149E-2	27.34	-7.492E-2	28.75	2.646E-2
um	48489	A	49.4689	49.1180	424.7	109.60	7.244E-6	NaN	NaN	-0.0003	-0.0017	7.00	72	20.2	0.0016	-0.0244	2.7265	0.0000	0.0051	1.564E-3	20.60	55.96	107.58	-2.938E-2	113.03	5.259E-2	107.41	-3.222E-2
um	48538	C	77.4166	76.6275	423.8	54.59	2.123E-6	NaN	NaN	-0.0024	-0.0113	7.00	72	20.2	0.0033	0.7429	4.5212	0.0039	0.0177	3.990E-3	20.59	55.95	55.11	3.501E-2	52.39	-1.483E-1	55.02	2.954E-2
um	48585	D	108.4418	107.8236	396.8	27.96	1.036E-2	NaN	NaN	0.0030	-0.0023	7.00	72	20.2	0.0030	0.2447	2.5842	0.0005	0.0106	3.210E-3	20.58	55.92	28.39	2.797E-2	26.99	-7.249E-2	28.31	2.396E-2
um	48633	A	49.4689	49.1180	426.5	110.13	5.868E-6	NaN	NaN	0.0019	-0.0021	7.00	72	20.2	0.0017	0.3938	3.0793	0.0002	0.0080	1.641E-3	20.60	55.90	109.69	-3.507E-3	115.14	7.703E-2	109.52	-1.078E-2
um	48681	C	77.4191	76.6263	424.2	54.76	1.036E-2	NaN	NaN	-0.0105	-0.0086	7.00	72	20.2	0.0033	0.3117	3.0920	0.0079	0.0209	4.077E-3	20.62	55.85	54.59	-1.408E-2	57.31	1.565E-1	54.41	-2.375E-2
um	48729	D	108.4406	107.8273	397.1	27.95	1.999E-6	NaN	NaN	-0.0057	-0.0020	7.00	72	20.2	0.0028	0.1441	3.1245	0.0013	0.0156	3.139E-3	20.65	55.78	27.95	-3.354E-3	29.36	9.403E-2	27.87	-5.993E-3
um	48777	A	49.4701	49.1180	428.1	110.57	1.454E-2	NaN	NaN	0.0001	-0.0022	7.00	72	20.2	0.0016	-0.0902	2.3294	0.0005	0.0064	1.680E-3	20.68	55.69	110.22	-2.048E-3	115.76	7.831E-2	110.04	-7.624E-3
um	48826	C	77.4191	76.6275	424.4	55.11	1.036E-2	NaN	NaN	-0.0032	-0.0110	7.00	72	20.2	0.0032	-0.1199	3.4973	0.0055	0.0192	3.907E-3	20.71	55.61	54.76	-1.919E-2	57.49	1.484E-1	54.59	-3.447E-2
um	48873	D	108.4418	107.8285	397.5	28.04	1.036E-2	NaN	NaN	-0.0002	-0.0014	7.00	72	20.3	0.0031	-0.0805	2.3463	0.0002	0.0099	2.965E-3	20.75	55.52	27.95	-7.054E-3	29.36	9.144E-2	27.87	-1.483E-2
um	49003	A	49.4701	49.1180	430.5	110.92	3.388E-6	NaN	NaN	-0.0053	-0.0015	7.00	72	20.3	0.0018	0.1366	2.6656	0.0018	0.0108	1.726E-3	20.87	55.27	110.66	-2.504E-3	116.20	7.936E-2	110.48	-5.661E-3
um	49052	C	77.4179	76.6275	425.0	55.73	1.036E-2	NaN	NaN	0.0022	-0.0117	7.00	72	20.2	0.0029	-0.0632	2.5428	0.0051	0.0202	3.768E-3	20.93	55.11	55.11	-3.496E-2	57.84	1.311E-1	54.94	-4.565E-2
um	49100	D	108.5297	107.8273	397.9	28.75	1.395E-6	NaN	NaN	0.0012	-0.0032	7.00	72	20.3	0.0030	0.3371	2.8257	0.0010	0.0103	3.156E-3	20.97	55.02	28.04	-4.625E-2	29.45	5.270E-2	27.95	-5.341E-2
um	49147	A	49.4701	49.1180	433.2	111.89	1.036E-2	NaN	NaN	-0.0012	-0.0019	7.00	72	20.2	0.0016	0.4204	3.1102	0.0004	0.0071	1.690E-3	21.01	54.91	111.01	-1.046E-2	116.55	7.229E-2	110.84	-1.723E-2
um	49196	C	77.4179	76.6251	425.3	56.08	3.507E-6	NaN	NaN	0.0031	-0.0104	7.00	72	20.3	0.0030	-0.1755	2.8354	0.0046	0.0175	3.692E-3	21.07	54.79	55.73	-1.908E-2	58.63	1.538E-1	55.73	-2.112E-2
um	49263	D	108.5346	107.8297	398.3	29.01	1.036E-2	NaN	NaN	-0.0059	-0.0020	7.00	72	20.2	0.0031	0.3500	4.1918	0.0009	0.0142	3.072E-3	21.12	54.62	28.75	-1.717E-2	30.15	8.066E-2	28.66	-2.134E-2
um	49311	A	49.4689	49.1180	435.3	112.59	6.654E-6	NaN	NaN	0.0028	-0.0024	7.00	72	20.2	0.0017	-0.1209	2.8942	0.0005	0.0085	1.799E-3	21.16	54.51	111.98	-6.779E-3	117.60	8.005E-2	111.80	-1.259E-2
um	49359	C	77.5058	76.6275	425.5	56.26	2.934E-6	NaN	NaN	0.0011	-0.0115	7.00	72	20.2	0.0033	0.8270	4.0115	0.0032	0.0219	3.773E-3	21.19	54.42	56.08	-8.562E-3	58.98	1.585E-1	55.99	-1.459E-2
um	49407	D	108.5297	107.8273	398.5	29.10	2.075E-6	NaN	NaN	0.0004	-0.0026	7.00	72	20.2	0.0034	0.2870	3.2961	0.0002	0.0112	3.175E-3	21.22	54.35	29.01	-6.163E-3	30.50	9.601E-2	29.01	-6.403E-3
log	49460	Finish cycle	
um	49454	A	49.4689	49.1180	437.2	112.94	5.727E-6	NaN	NaN	0.0016	-0.0018	7.00	72	20.3	0.0020	0.3997	2.1878	0.0003	0.0068	1.800E-3	21.26	54.27	112.68	-4.579E-3	118.31	8.493E-2	112.51	-3.341E-3
log	49473	Park&Close	
log	49517	Exit	
log	49517	Dmode	Park & Close
log	49519	Park&Close	
log	50101	Dmode	No selection
log	50102	Gmode	auto Umkehr
log	50110	Dmode	Umkehr
acq	50113	25.000	3.000	0.000	0.200	1.0000	20	20.000	3.000	4.000	20.000	200	41666.67	12500
um	50148	C	77.5070	76.6275	447.6	57.84	2.716E-6	NaN	NaN	-0.0731	-0.0040	7.00	72	20.3	0.0049	-0.3798	3.1959	0.0625	0.0863	5.546E-3	21.47	53.52	71.99	9.641E-1	68.38	7.233E-1	64.96	4.830E-1
um	50195	D	108.5322	107.8285	398.8	28.75	1.395E-6	NaN	NaN	-0.0989	0.0142	7.00	72	20.2	0.0026	0.2602	2.4206	0.0933	0.1049	3.430E-3	21.46	53.51	45.01	7.911E-1	42.72	6.850E-1	40.61	5.766E-1
um	50243	A	49.5555	49.1180	447.0	113.65	1.036E-2	NaN	NaN	-0.0219	0.0013	7.00	72	20.2	0.0020	-0.2482	2.5371	0.0178	0.0275	2.083E-3	21.45	53.52	132.10	2.461E-1	125.51	1.633E-1	119.27	7.430E-2
um	50291	C	77.5058	76.6251	426.0	59.24	1.811E-6	NaN	NaN	0.0006	-0.0103	7.00	72	20.2	0.0033	-0.4416	2.4546	0.0025	0.0182	3.452E-3	21.43	53.53	57.84	-7.218E-2	60.83	9.004E-2	57.75	-7.727E-2
um	50339	D	108.5322	107.8285	398.7	30.41	1.036E-2	NaN	NaN	-0.0036	-0.0025	7.00	72	20.2	0.0027	-0.1508	2.9187	0.0003	0.0102	2.883E-3	21.41	53.53	28.75	-1.083E-1	30.15	-1.488E-2	31.65	7.359E-2
um	50386	A	49.5567	49.1180	448.7	115.49	0.000E+0	NaN	NaN	0.0001	-0.0023	7.00	72	20.2	0.0022	-0.3235	3.0888	0.0010	0.0073	2.012E-3	21.38	53.55	113.74	-2.940E-2	119.45	6.734E-2	113.56	-3.159E-2
um	50435	C	77.5094	76.6239	425.8	59.68	3.265E-6	NaN	NaN	0.0023	-0.0116	7.00	72	20.2	0.0035	0.4361	3.2507	0.0030	0.0196	3.479E-3	21.36	53.55	59.33	-1.096E-2	62.41	1.557E-1	59.42	-1.538E-2
um	50483	D	108.5346	107.8285	398.7	30.68	1.432E-6	NaN	NaN	0.0015	-0.0035	7.00	72	20.2	0.0024	-0.2865	2.2594	0.0001	0.0120	3.130E-3	21.34	53.59	30.42	-1.536E-2	31.91	8.046E-2	30.33	-2.200E-2
um	50531	A	49.5567	49.1180	450.8	116.11	1.036E-2	NaN	NaN	-0.0016	-0.0014	7.00	72	20.2	0.0067	-2.2233	9.9440	0.0006	0.0324	1.971E-3	21.32	53.62	115.49	-1.098E-2	121.29	9.020E-2	115.23	-1.546E-2
um	50582	C	77.5058	76.6239	425.8	60.03	3.733E-6	NaN	NaN	-0.0012	-0.0101	7.00	72	20.2	0.0034	-0.2033	2.2986	0.0047	0.0159	3.371E-3	21.31	53.65	59.77	-8.974E-3	62.85	1.485E-1	59.77	-5.197E-3
um	50632	D	108.5309	107.8236	398.7	30.85	1.036E-2	NaN	NaN	0.0020	-0.0022	7.00	72	20.2	0.0023	-0.0733	2.7782	0.0007	0.0094	2.893E-3	21.30	53.66	30.68	-1.409E-2	32.17	8.102E-2	30.59	-1.364E-2
log	50646	Finish cycle	
um	50681	A	49.4713	49.1180	452.7	116.64	4.959E-6	NaN	NaN	-0.0020	-0.0020	7.00	72	20.2	0.0023	-0.2493	3.7463	0.0007	0.0089	2.054E-3	21.29	53.68	116.11	-7.761E-3	121.91	8.832E-2	115.84	-1.435E-2
log	50701	Park&Close	
log	50707	Exit	
log	50707	Dmode	Park & Close
log	50709	Park&Close	
log	51039	Dmode	No selection
log	51040	Gmode	auto Umkehr
log	51048	Dmode	Umkehr
acq	51052	25.000	3.000	0.000	0.200	1.0000	20	20.000	3.000	4.000	20.000	200	41666.67	12500
um	51087	C	77.5106	76.6251	447.5	60.83	3.622E-6	NaN	NaN	-0.0312	-0.0092	7.00	72	20.2	0.0048	0.4284	3.9083	0.0182	0.0447	5.106E-3	21.14	53.79	71.99	7.261E-1	68.38	5.117E-1	64.96	2.697E-1
um	51134	D	108.5309	107.8285	398.7	30.68	1.432E-6	NaN	NaN	-0.0504	0.0061	7.00	72	20.3	0.0026	-0.5673	3.3631	0.0464	0.0585	3.243E-3	21.13	53.81	45.01	6.769E-1	42.72	5.756E-1	40.61	4.681E-1
um	51182	A	49.4689	49.1180	459.4	118.75	6.273E-6	NaN	NaN	-0.0042	-0.0013	7.00	72	20.2	0.0025	-0.0030	2.3225	0.0007	0.0113	2.201E-3	21.12	53.83	132.10	2.045E-1	125.51	1.117E-1	119.27	4.823E-3
um	51231	C	77.4166	76.6263	425.9	61.79	2.218E-6	NaN	NaN	0.0020	-0.0100	7.00	72	20.2	0.0031	-0.5061	3.4634	0.0024	0.0175	3.247E-3	21.12	53.84	60.91	-3.738E-2	63.99	1.127E-1	60.91	-3.978E-2
um	51278	D	108.5309	107.8273	398.8	31.56	1.753E-6	NaN	NaN	0.0013	-0.0014	7.00	72	20.2	0.0028	0.3142	2.8642	0.0002	0.0088	2.827E-3	21.12	53.85	30.68	-5.648E-2	32.17	3.741E-2	30.59	-5.935E-2
um	51326	A	49.4689	49.1180	461.5	119.54	4.049E-6	NaN	NaN	-0.0007	-0.0020	7.00	72	20.3	0.0029	0.3690	3.1977	0.0007	0.0082	2.233E-3	21.12	53.88	118.75	-1.376E-2	124.72	9.035E-2	118.48	-1.835E-2
um	51374	C	77.4154	76.6263	425.8	62.23	1.036E-2	NaN	NaN	0.0026	-0.0092	7.00	72	20.3	0.0031	-0.0259	2.6036	0.0046	0.0159	3.419E-3	21.13	53.87	61.88	-9.104E-3	64.96	1.382E-1	61.79	-2.164E-2
um	51432	D	108.5309	107.8273	398.7	31.82	1.632E-6	NaN	NaN	-0.0022	-0.0021	7.00	72	20.3	0.0027	0.0026	2.2888	0.0008	0.0113	2.743E-3	21.13	53.87	31.56	-1.420E-2	33.14	7.931E-2	31.47	-1.716E-2
um	51480	A	49.4689	49.1180	463.6	120.33	5.122E-6	NaN	NaN	-0.0030	-0.0012	7.00	72	20.2	0.0028	0.4346	2.6689	0.0006	0.0080	2.263E-3	21.14	53.86	119.54	-1.600E-2	125.51	9.011E-2	119.27	-1.439E-2
um	51530	C	77.4191	76.6263	425.8	62.76	2.218E-6	NaN	NaN	0.0031	-0.0089	7.00	72	20.2	0.0032	0.6032	5.1398	0.0020	0.0186	3.207E-3	21.15	53.84	62.32	-1.317E-2	65.40	1.297E-1	62.23	-2.602E-2
um	51577	D	108.5322	107.8236	398.7	32.09	6.402E-7	NaN	NaN	-0.0020	-0.0016	7.00	72	20.2	0.0026	-0.4753	3.2346	0.0005	0.0106	2.817E-3	21.15	53.84	31.82	-1.715E-2	33.40	7.245E-2	31.73	-2.049E-2
um	51625	A	49.4701	49.1180	465.7	121.29	5.122E-6	NaN	NaN	0.0019	-0.0036	7.00	72	20.2	0.0025	-0.2678	4.2594	0.0005	0.0108	2.337E-3	21.15	53.84	120.33	-1.594E-2	126.39	8.999E-2	120.06	-2.156E-2
um	51674	C	77.4179	76.6275	425.8	63.11	9.054E-7	NaN	NaN	-0.0006	-0.0084	7.00	72	20.2	0.0036	-0.1806	2.5585	0.0034	0.0155	3.136E-3	21.15	53.85	62.85	-9.114E-3	66.01	1.366E-1	62.76	-9.531E-3
log	51706	Finish cycle	
um	51721	D	108.5346	107.8273	398.7	32.44	1.109E-6	NaN	NaN	0.0026	-0.0030	7.00	72	20.2	0.0029	0.3681	2.9263	0.0004	0.0125	2.729E-3	21.15	53.86	32.09	-1.861E-2	33.67	7.150E-2	32.00	-2.362E-2
um	51777	A	49.4689	49.1180	468.2	121.91	4.049E-6	NaN	NaN	-0.0030	-0.0020	7.00	72	20.2	0.0028	-0.0785	2.6533	0.0007	0.0091	2.251E-3	21.16	53.86	121.29	-8.520E-3	127.45	9.373E-2	121.12	-1.653E-2
log	51796	Park&Close	
log	51804	Exit	
log	51804	Dmode	Park & Close
log	51806	Park&Close	
log	53148	Dmode	No selection
log	53149	Gmode	auto Umkehr
log	53151	Gmode	auto DirectSun
log	53157	Dmode	DirectSun
acq	53160	25.000	3.000	0.000	0.200	1.0000	20	20.000	3.000	4.000	20.000	200	41666.67	12500
ds	53195	C	77.5045	76.6238	406.1	95.10	4.467E-6	NaN	NaN	-0.5014	0.0699	7.00	71	20.0	0.0040	-0.0431	2.8855	0.4976	0.5161	3.689E-3	21.17	53.20	71.99	-2.930E+0	75.68	-2.438E+0	79.55	-1.969E+0
ds	53259	D	108.5322	107.8285	355.1	66.10	2.039E-6	NaN	NaN	-0.3755	0.0590	7.00	71	20.0	0.0020	0.3261	2.6996	0.3756	0.3843	2.459E-3	21.16	53.24	45.01	-2.227E+0	47.29	-1.970E+0	49.66	-1.736E+0
ds	53323	A	49.4689	49.1180	503.0	159.09	1.043E-2	NaN	NaN	-0.3425	0.0521	7.00	71	20.0	0.0054	0.1460	2.3747	0.3345	0.3577	5.091E-3	21.16	53.26	132.10	-2.206E+0	138.70	-1.609E+0	145.64	-1.104E+0
summary	53356	4	10	2018	ds	53195	95.10	77.62	2.6148	225.3626	53259	66.10	50.52	2.6283	235.5030	53323	159.09	140.85	2.6419	231.9820	128	0.0270	240.8781	64	0.0136	235.4158	-64	-0.0134	223.8060
ds	53390	C	77.5082	76.6263	388.6	103.28	1.043E-2	NaN	NaN	0.0001	-0.0092	7.00	71	20.0	0.0025	-0.0060	2.7142	0.0065	0.0131	2.469E-3	21.15	53.25	95.19	-3.822E-1	100.02	-1.438E-1	105.03	8.071E-2
ds	53454	D	108.5260	107.8272	339.1	72.78	1.824E-6	NaN	NaN	-0.0089	0.0016	7.00	71	20.0	0.0032	-0.1894	1.9110	0.0038	0.0155	1.562E-3	21.15	53.27	66.10	-2.947E-1	69.44	-1.384E-1	72.95	2.427E-3
ds	53519	A	49.4701	49.1180	481.4	170.34	8.747E-6	NaN	NaN	-0.0035	0.0021	7.00	71	20.0	0.0044	0.0610	2.1873	0.0007	0.0125	3.556E-3	21.13	53.32	159.17	-2.981E-1	167.26	-6.462E-2	175.61	1.327E-1
summary	53552	4	10	2018	ds	53390	103.28	85.99	2.6564	257.5411	53454	72.78	57.43	2.6704	296.4124	53519	170.34	152.98	2.6848	252.2342	129	0.0285	250.9556	65	0.0145	245.0952	-64	-0.0140	232.6408
ds	53610	C	77.4179	76.6275	391.3	104.86	1.036E-2	NaN	NaN	-0.0069	-0.0084	7.00	72	20.3	0.0077	-0.5824	2.0149	0.0050	0.0256	3.053E-3	21.13	53.37	103.28	-6.490E-2	108.46	1.559E-1	103.10	-7.437E-2
ds	53675	D	108.5334	107.8273	340.8	73.66	3.003E-6	NaN	NaN	-0.0026	-0.0023	7.00	72	20.3	0.0018	0.0423	2.6281	0.0008	0.0068	1.892E-3	21.12	53.40	72.78	-3.428E-2	76.47	1.080E-1	72.69	-3.879E-2
ds	53739	A	49.4689	49.1180	484.6	171.65	1.454E-2	NaN	NaN	0.0012	-0.0031	7.00	72	20.2	0.0037	0.6113	3.9315	0.0003	0.0146	3.358E-3	21.12	53.41	170.42	-2.489E-2	179.04	1.641E-1	170.16	-3.696E-2
summary	53773	4	10	2018	ds	53610	104.86	87.62	2.7054	257.6336	53675	73.66	58.34	2.7205	294.6166	53739	171.65	154.41	2.7355	249.2537	129	0.0300	245.3851	64	0.0150	241.8574	-65	-0.0150	234.3473
ds	53807	C	77.4179	76.6288	393.9	106.18	3.622E-6	NaN	NaN	-0.0024	-0.0081	7.00	72	20.2	0.0027	-0.5281	2.8403	0.0034	0.0125	3.023E-3	21.13	53.42	104.86	-5.075E-2	110.22	1.628E-1	104.68	-5.932E-2
ds	53871	D	108.5309	107.8285	342.3	74.45	1.454E-2	NaN	NaN	-0.0047	-0.0006	7.00	72	20.2	0.0017	-0.1704	2.8334	0.0015	0.0092	2.110E-3	21.13	53.43	73.66	-3.103E-2	77.44	1.109E-1	73.57	-3.338E-2
ds	53936	A	49.4689	49.1180	487.1	174.03	6.776E-6	NaN	NaN	0.0034	-0.0035	7.00	72	20.2	0.0041	-0.3603	2.7022	0.0011	0.0132	3.627E-3	21.14	53.44	171.65	-4.563E-2	180.36	1.376E-1	171.30	-6.454E-2
summary	53970	4	10	2018	ds	53807	106.18	88.98	2.7517	256.9502	53871	74.45	59.16	2.7671	292.6965	53936	174.03	157.00	2.7831	249.0173	129	0.0314	245.5689	65	0.0160	242.1086	-64	-0.0154	234.7415
ds	54004	C	77.4191	76.6275	396.3	107.67	5.433E-6	NaN	NaN	-0.0027	-0.0070	7.00	72	20.2	0.0030	-0.1814	2.5288	0.0035	0.0123	2.773E-3	21.14	53.48	106.18	-5.539E-2	111.54	1.520E-1	105.91	-7.058E-2
ds	54068	D	108.5309	107.8285	343.7	75.59	2.218E-6	NaN	NaN	-0.0024	-0.0022	7.00	72	20.2	0.0016	-0.3551	2.8530	0.0008	0.0071	1.925E-3	21.14	53.52	74.45	-3.605E-2	78.23	9.969E-2	74.36	-4.530E-2
ds	54133	A	49.4689	49.1180	490.0	176.75	8.099E-6	NaN	NaN	0.0071	-0.0044	7.00	72	20.2	0.0029	0.1642	2.8881	0.0015	0.0152	3.546E-3	21.14	53.52	174.03	-4.090E-2	182.82	1.179E-1	173.68	-6.431E-2
summary	54167	4	10	2018	ds	54004	107.67	90.52	2.8000	256.7521	54068	75.59	60.35	2.8163	293.8276	54133	176.75	159.97	2.8330	249.2754	129	0.0329	246.2557	65	0.0167	242.1872	-64	-0.0162	233.5303
ds	54201	C	77.4215	76.6275	398.8	109.25	6.776E-6	NaN	NaN	-0.0027	-0.0084	7.00	72	20.2	0.0030	0.0085	2.7420	0.0046	0.0142	2.745E-3	21.14	53.59	107.67	-5.355E-2	113.12	1.479E-1	107.50	-6.228E-2
ds	54266	D	108.5322	107.8285	345.4	76.73	1.036E-2	NaN	NaN	-0.0009	-0.0026	7.00	72	20.2	0.0021	-0.0827	2.5650	0.0005	0.0061	1.763E-3	21.15	53.59	75.68	-3.284E-2	79.55	1.018E-1	75.68	-3.624E-2
ds	54333	A	49.4676	49.1180	494.9	179.21	8.099E-6	NaN	NaN	0.0030	-0.0042	7.00	72	20.2	0.0032	0.4560	3.2016	0.0001	0.0138	3.498E-3	21.15	53.60	176.84	-3.707E-2	185.81	1.198E-1	176.58	-4.829E-2
summary	54366	4	10	2018	ds	54201	109.25	92.15	2.8508	256.6134	54266	76.73	61.54	2.8681	294.3397	54333	179.21	162.65	2.8862	248.6092	132	0.0354	245.1788	67	0.0181	241.2640	-65	-0.0173	232.9316
ds	54400	C	77.4191	76.6275	402.2	111.10	4.617E-6	NaN	NaN	-0.0005	-0.0084	7.00	72	20.2	0.0026	0.5385	3.6192	0.0032	0.0144	2.729E-3	21.16	53.63	109.34	-5.860E-2	114.79	1.393E-1	109.17	-6.977E-2
ds	54465	D	108.5309	107.8285	348.9	78.05	2.863E-6	NaN	NaN	0.0039	-0.0040	7.00	72	20.2	0.0014	0.0213	3.0727	0.0004	0.0093	1.992E-3	21.16	53.63	76.82	-3.434E-2	80.78	1.060E-1	76.82	-5.021E-2
ds	54529	A	49.4689	49.1180	503.1	181.85	1.036E-2	NaN	NaN	-0.0014	-0.0029	7.00	72	20.2	0.0037	-0.1366	3.3477	0.0013	0.0119	3.454E-3	21.18	53.61	179.30	-4.465E-2	188.27	1.209E-1	178.95	-5.264E-2
summary	54563	4	10	2018	ds	54400	111.10	94.06	2.9045	257.2296	54465	78.05	62.91	2.9227	295.9455	54529	181.85	165.47	2.9409	248.0589	129	0.0363	243.6688	64	0.0182	240.2003	-65	-0.0182	232.8141
ds	54597	C	77.5058	76.6275	405.1	112.77	3.137E-6	NaN	NaN	-0.0376	-0.0078	7.00	72	20.2	0.0025	0.0638	2.7844	0.0326	0.0447	3.196E-3	21.20	53.60	111.19	-4.787E-2	116.72	1.504E-1	111.01	-6.972E-2
ds	54664	D	108.5285	107.8285	352.1	79.55	1.568E-6	NaN	NaN	0.0093	-0.0065	7.00	72	20.2	0.0015	-0.3968	5.6869	0.0048	0.0160	2.120E-3	21.19	53.63	78.14	-4.756E-2	82.01	8.895E-2	77.96	-4.851E-2
ds	54730	A	49.4701	49.1180	511.0	184.66	6.776E-6	NaN	NaN	0.0009	-0.0033	7.00	72	20.2	0.0032	0.0337	2.8251	0.0005	0.0106	3.543E-3	21.18	53.68	181.94	-4.683E-2	191.08	1.165E-1	181.59	-5.403E-2
summary	54764	4	10	2018	ds	54597	112.77	95.80	2.9605	256.8150	54664	79.55	64.47	2.9801	298.5506	54730	184.66	168.45	2.9998	247.3871	133	0.0393	242.8204	66	0.0196	238.7256	-67	-0.0197	230.0105
ds	54799	C	77.5021	76.6275	408.4	114.35	1.280E-6	NaN	NaN	-0.0070	-0.0073	7.00	72	20.2	0.0062	-1.9712	8.4745	0.0043	0.0335	2.786E-3	21.17	53.72	112.86	-4.706E-2	118.48	1.425E-1	112.68	-5.692E-2
ds	54866	D	108.5285	107.8285	355.5	80.16	2.716E-6	NaN	NaN	-0.0011	-0.0031	7.00	72	20.2	0.0033	-1.1393	4.3616	0.0007	0.0112	1.957E-3	21.16	53.74	79.63	-1.263E-2	83.59	1.216E-1	79.46	-2.116E-2
ds	54932	A	49.4689	49.1180	519.2	187.65	7.244E-6	NaN	NaN	0.0023	-0.0037	7.00	72	20.3	0.0041	0.1804	3.2487	0.0007	0.0154	3.926E-3	21.15	53.81	184.75	-4.637E-2	194.07	1.116E-1	184.49	-5.873E-2
summary	54966	4	10	2018	ds	54799	114.35	97.44	3.0207	255.4843	54866	80.16	65.11	3.0414	292.2439	54932	187.65	171.62	3.0622	246.7195	133	0.0414	242.7642	66	0.0207	239.5847	-67	-0.0207	232.8097
ds	55002	C	77.4130	76.6275	411.8	116.28	5.582E-6	NaN	NaN	-0.0070	-0.0064	7.00	72	20.2	0.0072	-1.1855	3.0851	0.0047	0.0256	3.055E-3	21.15	53.83	114.44	-5.957E-2	120.15	1.306E-1	114.26	-7.057E-2
ds	55068	D	108.5309	107.8285	358.8	81.92	1.475E-2	NaN	NaN	-0.0020	-0.0021	7.00	72	20.3	0.0020	0.4463	3.0244	0.0006	0.0069	1.963E-3	21.14	53.85	80.25	-5.766E-2	84.29	8.518E-2	80.16	-6.329E-2
ds	55135	A	49.4689	49.1180	527.5	191.69	7.244E-6	NaN	NaN	0.0004	-0.0025	7.00	72	20.3	0.0037	0.1763	2.8277	0.0007	0.0114	3.885E-3	21.14	53.87	187.65	-6.444E-2	197.14	9.370E-2	187.39	-8.017E-2
summary	55170	4	10	2018	ds	55002	116.28	99.46	3.0845	255.1757	55068	81.92	66.92	3.1060	295.6542	55135	191.69	175.94	3.1282	247.7532	133	0.0437	244.9921	67	0.0222	240.0532	-66	-0.0215	229.5485
ds	55206	C	77.4179	76.6275	415.2	119.10	1.036E-2	NaN	NaN	-0.0006	-0.0074	7.00	72	20.3	0.0027	-0.0409	4.0795	0.0023	0.0141	2.709E-3	21.14	53.88	116.28	-8.771E-2	122.09	9.424E-2	116.02	-9.876E-2
ds	55272	D	108.5309	107.8285	362.2	83.33	2.561E-6	NaN	NaN	-0.0045	-0.0023	7.00	72	20.3	0.0023	0.0196	2.6249	0.0010	0.0099	2.142E-3	21.13	53.94	81.92	-4.656E-2	86.05	9.276E-2	81.74	-5.488E-2
ds	55339	A	49.4701	49.1180	535.7	195.30	3.622E-6	NaN	NaN	0.0034	-0.0044	7.00	72	20.2	0.0078	1.1629	4.4466	0.0002	0.0284	4.127E-3	21.13	53.99	191.69	-4.719E-2	201.27	9.048E-2	191.25	-6.413E-2
summary	55373	4	10	2018	ds	55206	119.10	102.38	3.1521	257.8784	55272	83.33	68.37	3.1748	295.0660	55339	195.30	179.83	3.1981	247.6093	133	0.0460	242.4575	67	0.0233	240.0820	-66	-0.0227	235.0109
log	55401	Finish cycle	
ds	55409	C	77.4179	76.6275	418.9	121.21	2.561E-6	NaN	NaN	-0.0022	-0.0065	7.00	72	20.2	0.0027	-0.2003	2.6536	0.0031	0.0140	2.621E-3	21.12	54.08	119.10	-5.715E-2	125.07	1.054E-1	118.83	-6.760E-2
ds	55475	D	108.5297	107.8285	365.6	84.82	4.527E-6	NaN	NaN	-0.0047	-0.0023	7.00	72	20.2	0.0020	0.0890	3.6578	0.0022	0.0107	2.011E-3	21.10	54.14	83.33	-4.516E-2	87.46	8.225E-2	83.06	-5.539E-2
ds	55542	A	49.4689	49.1180	544.0	198.99	1.036E-2	NaN	NaN	0.0037	-0.0037	7.00	72	20.2	0.0049	0.4711	3.0011	0.0006	0.0189	4.000E-3	21.09	54.21	195.39	-4.686E-2	205.23	8.515E-2	195.03	-5.609E-2
summary	55576	4	10	2018	ds	55409	121.21	104.56	3.2230	257.2695	55475	84.82	69.90	3.2469	294.6104	55542	198.99	183.82	3.2716	247.2792	133	0.0486	242.4139	67	0.0247	239.8425	-66	-0.0239	234.3557
log	55579	Park&Close	
log	55587	Exit	
log	55587	Dmode	Park & Close
log	55589	Park&Close	
log	55634	Dmode	No selection
log	55635	Gmode	auto Umkehr
log	55643	Dmode	Umkehr
acq	55646	25.000	3.000	0.000	0.200	1.0000	20	20.000	3.000	4.000	20.000	200	41666.67	12500
um	55681	C	77.4203	76.6275	457.7	81.66	3.265E-6	NaN	NaN	-0.0208	-0.0055	7.00	72	20.3	0.0041	-0.0464	2.4338	0.0147	0.0308	4.103E-3	21.04	54.36	71.99	-4.121E-1	75.68	-2.547E-1	79.55	-8.935E-2
um	55728	D	108.5322	107.8285	420.5	42.98	2.025E-6	NaN	NaN	-0.0034	-0.0033	7.00	72	20.2	0.0032	-0.2340	2.1553	0.0006	0.0138	3.333E-3	21.03	54.38	45.01	9.242E-2	42.72	-1.042E-2	44.83	8.623E-2
um	55775	A	49.4689	49.1180	541.9	151.70	1.454E-2	NaN	NaN	-0.0443	0.0049	7.00	72	20.3	0.0038	0.0497	3.3170	0.0346	0.0533	4.713E-3	21.02	54.41	132.10	-4.937E-1	138.70	-3.124E-1	145.55	-1.572E-1
um	55824	C	77.4166	76.6263	458.6	83.15	4.959E-6	NaN	NaN	-0.0051	-0.0078	7.00	72	20.2	0.0042	0.2358	2.2738	0.0010	0.0176	3.717E-3	21.02	54.41	81.66	-5.153E-2	85.70	8.838E-2	81.39	-6.060E-2
um	55872	D	108.5297	107.8285	420.6	43.51	1.694E-6	NaN	NaN	-0.0054	-0.0029	7.00	72	20.2	0.0029	0.0671	3.4928	0.0008	0.0150	3.456E-3	21.02	54.43	42.98	-2.514E-2	45.09	7.020E-2	42.81	-3.422E-2
um	55932	A	49.4676	49.1180	542.7	155.92	1.475E-2	NaN	NaN	0.0025	-0.0029	7.00	72	20.2	0.0036	0.2570	2.8510	0.0006	0.0130	3.776E-3	21.02	54.44	151.79	-6.267E-2	159.44	5.811E-2	151.53	-7.095E-2
um	55981	C	77.4191	76.6275	459.6	84.29	5.041E-6	NaN	NaN	-0.0015	-0.0082	7.00	72	20.2	0.0034	0.0700	2.2813	0.0030	0.0170	3.487E-3	21.02	54.45	83.15	-3.836E-2	87.28	1.063E-1	82.89	-4.934E-2
um	56029	D	108.5309	107.8285	420.7	44.13	2.123E-6	NaN	NaN	-0.0040	-0.0031	7.00	72	20.2	0.0029	0.0896	3.2419	0.0009	0.0114	3.008E-3	21.01	54.48	43.51	-2.612E-2	45.71	6.831E-2	43.42	-3.220E-2
um	56077	A	49.4689	49.1180	543.5	157.50	5.433E-6	NaN	NaN	0.0023	-0.0025	7.00	72	20.2	0.0042	0.1799	3.1819	0.0006	0.0146	3.722E-3	21.01	54.49	156.01	-1.874E-2	163.83	9.656E-2	155.75	-2.661E-2
um	56127	C	77.4191	76.6275	460.6	85.35	5.868E-6	NaN	NaN	-0.0038	-0.0075	7.00	72	20.2	0.0038	-0.3470	2.8269	0.0017	0.0191	3.288E-3	21.00	54.51	84.29	-3.440E-2	88.51	1.017E-1	84.12	-3.854E-2
um	56195	D	108.5456	107.8285	420.6	44.74	1.454E-2	NaN	NaN	-0.0035	-0.0035	7.00	72	20.2	0.0034	0.3033	2.9029	0.0014	0.0137	2.883E-3	20.98	54.56	44.13	-2.425E-2	46.32	6.948E-2	44.04	-2.849E-2
um	56243	A	49.4713	49.1180	544.2	159.09	1.008E-5	NaN	NaN	-0.0003	-0.0023	7.00	72	20.2	0.0038	0.2355	3.5190	0.0011	0.0142	3.614E-3	20.98	54.57	157.59	-1.970E-2	165.59	9.050E-2	157.42	-2.226E-2
um	56292	C	77.4154	76.6275	461.5	86.49	1.811E-6	NaN	NaN	-0.0040	-0.0074	7.00	72	20.2	0.0035	0.1196	2.9826	0.0020	0.0164	3.194E-3	20.97	54.63	85.35	-3.418E-2	89.65	1.040E-1	85.17	-4.536E-2
um	56340	D	108.5309	107.8285	420.5	45.44	2.123E-6	NaN	NaN	-0.0029	-0.0034	7.00	72	20.2	0.0029	-0.1357	4.2699	0.0014	0.0132	2.782E-3	20.96	54.66	44.74	-2.818E-2	46.94	6.412E-2	44.57	-3.790E-2
um	56388	A	49.4713	49.1180	545.0	160.49	1.811E-6	NaN	NaN	-0.0027	-0.0017	7.00	72	20.2	0.0043	0.0071	2.9723	0.0007	0.0146	3.519E-3	20.96	54.67	159.17	-1.863E-2	167.26	8.468E-2	159.00	-1.691E-2
um	56436	C	77.4179	76.6275	462.4	87.63	3.622E-6	NaN	NaN	-0.0054	-0.0075	7.00	72	20.2	0.0034	-0.1361	2.2451	0.0040	0.0185	3.302E-3	20.95	54.68	86.49	-3.222E-2	90.80	9.629E-2	86.23	-4.856E-2
um	56484	D	108.5309	107.8285	420.5	46.15	1.036E-2	NaN	NaN	-0.0011	-0.0040	7.00	72	20.2	0.0029	0.0849	3.1352	0.0003	0.0118	2.653E-3	20.94	54.70	45.44	-2.545E-2	47.73	6.686E-2	45.36	-3.264E-2
um	56532	A	49.4701	49.1180	545.7	162.07	4.791E-6	NaN	NaN	-0.0028	-0.0024	7.00	72	20.2	0.0038	-0.0439	2.3249	0.0003	0.0176	3.426E-3	20.93	54.75	160.49	-2.234E-2	168.58	8.073E-2	160.14	-2.077E-2
um	56581	C	77.4179	76.6263	463.2	88.69	2.561E-6	NaN	NaN	-0.0060	-0.0075	7.00	72	20.2	0.0032	0.0426	3.4780	0.0022	0.0173	3.186E-3	20.90	54.77	87.63	-3.035E-2	92.03	1.002E-1	87.46	-3.868E-2
um	56629	D	108.5285	107.8285	420.5	46.85	2.640E-6	NaN	NaN	-0.0006	-0.0046	7.00	72	20.2	0.0031	0.4463	3.6019	0.0004	0.0109	2.699E-3	20.89	54.79	46.15	-2.640E-2	48.43	6.192E-2	45.97	-3.133E-2
um	56677	A	49.4713	49.1180	546.4	163.74	1.036E-2	NaN	NaN	-0.0024	-0.0023	7.00	72	20.2	0.0042	-0.4096	3.5437	0.0004	0.0155	3.404E-3	20.88	54.83	162.07	-1.792E-2	170.25	7.603E-2	161.72	-2.560E-2
um	56726	C	77.4179	76.6275	464.2	89.92	1.036E-2	NaN	NaN	-0.0034	-0.0070	7.00	72	20.3	0.0031	0.0066	2.4996	0.0027	0.0145	3.149E-3	20.87	54.85	88.69	-3.434E-2	93.17	9.496E-2	88.51	-4.405E-2
um	56774	D	108.5309	107.8285	420.6	47.64	2.480E-6	NaN	NaN	-0.0005	-0.0035	7.00	72	20.2	0.0030	-0.3642	2.5565	0.0004	0.0099	2.854E-3	20.86	54.86	46.85	-2.645E-2	49.22	6.065E-2	46.76	-3.464E-2
um	56822	A	49.4713	49.1180	547.2	165.33	4.436E-6	NaN	NaN	-0.0017	-0.0026	7.00	72	20.3	0.0044	0.1313	2.4370	0.0018	0.0138	3.372E-3	20.85	54.85	163.74	-1.509E-2	171.92	7.214E-2	163.31	-2.099E-2
um	56870	C	77.4166	76.6275	465.4	91.15	2.218E-6	NaN	NaN	-0.0047	-0.0066	7.00	72	20.3	0.0031	0.3040	2.3430	0.0006	0.0159	3.107E-3	20.84	54.86	89.92	-3.227E-2	94.49	9.600E-2	89.74	-4.299E-2
um	56918	D	108.5285	107.8285	420.8	48.35	2.716E-6	NaN	NaN	-0.0007	-0.0045	7.00	72	20.2	0.0022	-0.3139	3.3748	0.0003	0.0119	2.637E-3	20.83	54.88	47.64	-2.437E-2	50.02	6.238E-2	47.55	-2.712E-2
um	56966	A	49.4689	49.1180	548.1	167.26	1.036E-2	NaN	NaN	0.0015	-0.0011	7.00	72	20.2	0.0039	0.2374	2.8817	0.0005	0.0122	3.297E-3	20.82	54.89	165.41	-1.553E-2	173.68	6.720E-2	164.98	-2.447E-2
um	57015	C	77.4215	76.6263	466.5	92.47	1.036E-2	NaN	NaN	-0.0042	-0.0064	7.00	72	20.2	0.0038	0.0100	3.2205	0.0017	0.0186	3.137E-3	20.81	54.89	91.15	-3.342E-2	95.81	9.586E-2	91.06	-3.719E-2
um	57062	D	108.4443	107.8285	420.8	49.05	1.432E-6	NaN	NaN	-0.0030	-0.0037	7.00	72	20.2	0.0028	-0.0177	2.2164	0.0007	0.0101	2.614E-3	20.80	54.90	48.35	-2.322E-2	50.81	5.961E-2	48.26	-2.639E-2
um	57111	A	49.4689	49.1180	549.1	168.67	9.582E-6	NaN	NaN	-0.0019	-0.0019	7.00	72	20.2	0.0027	-0.0344	3.0095	0.0007	0.0125	3.264E-3	20.78	54.96	167.35	-1.241E-2	175.70	6.981E-2	167.00	-1.474E-2
um	57160	C	77.4191	76.6239	467.4	93.87	4.247E-6	NaN	NaN	-0.0026	-0.0064	7.00	72	20.2	0.0034	-0.0689	3.6065	0.0018	0.0161	3.102E-3	20.77	54.96	92.55	-3.290E-2	97.30	9.192E-2	92.55	-3.426E-2
um	57207	D	108.4430	107.8285	420.9	49.93	6.402E-7	NaN	NaN	-0.0028	-0.0040	7.00	72	20.2	0.0023	0.2212	3.2108	0.0008	0.0113	2.486E-3	20.75	54.97	49.05	-2.998E-2	51.51	5.432E-2	48.96	-3.792E-2
um	57255	A	49.4689	49.1180	549.9	170.42	4.049E-6	NaN	NaN	-0.0005	-0.0009	7.00	72	20.2	0.0035	-0.1136	2.6033	0.0010	0.0111	3.171E-3	20.73	55.01	168.75	-1.205E-2	177.28	6.585E-2	168.49	-2.084E-2
um	57304	C	77.4191	76.6275	468.4	95.10	4.436E-6	NaN	NaN	-0.0020	-0.0068	7.00	72	20.2	0.0033	-0.0978	3.1695	0.0025	0.0131	3.047E-3	20.71	55.04	93.96	-2.497E-2	98.71	9.249E-2	93.87	-3.113E-2
log	57346	Finish cycle	
um	57352	D	108.4382	107.8260	421.1	50.81	1.036E-2	NaN	NaN	-0.0012	-0.0033	7.00	72	20.3	0.0025	-0.1752	2.3472	0.0005	0.0100	2.468E-3	20.72	55.05	49.93	-2.726E-2	52.39	5.359E-2	49.75	-3.893E-2
um	57432	A	49.4762	49.1180	550.8	172.09	7.244E-6	NaN	NaN	-0.0021	-0.0011	7.00	72	20.2	0.0026	-0.0923	2.6265	0.0003	0.0091	3.079E-3	20.72	55.04	170.51	-1.330E-2	179.13	6.394E-2	170.25	-1.759E-2
log	57452	Park&Close	
log	57458	Exit	
log	57458	Dmode	Park & Close
log	57460	Park&Close	
